0.892101 1.31374e+11

0.892076 1.33181e+11
0.892046 1.35314e+11
0.892016 1.37462e+11
0.891986 1.39629e+11
0.891955 1.4182e+11
0.891924 1.44032e+11
0.891893 1.46262e+11
0.891861 1.48516e+11
0.891829 1.50792e+11
0.891797 1.53095e+11
0.891765 1.55422e+11
0.891732 1.57772e+11
0.891699 1.60143e+11
0.891665 1.62534e+11
0.891631 1.64945e+11
0.891597 1.67382e+11
0.891563 1.69842e+11
0.891528 1.72326e+11
0.891493 1.74834e+11
0.891458 1.77362e+11
0.891422 1.79911e+11
0.891386 1.82487e+11
0.89135 1.85087e+11
0.891313 1.87707e+11
0.891276 1.90338e+11
0.891239 1.93005e+11
0.891201 1.95687e+11
0.891163 1.98391e+11
0.891125 2.01121e+11
0.891087 2.03873e+11
0.891048 2.0664e+11
0.891009 2.09425e+11
0.89097 2.12231e+11
0.89093 2.15061e+11
0.89089 2.17908e+11
0.89085 2.2079e+11
0.890809 2.23689e+11
0.890769 2.26601e+11
0.890727 2.29547e+11
0.890686 2.32513e+11
0.890644 2.35499e+11
0.890602 2.38504e+11
0.89056 2.41537e+11
0.890517 2.44594e+11
0.890474 2.47663e+11
0.890431 2.50755e+11
0.890387 2.53862e+11
0.890343 2.57002e+11
0.890299 2.6016e+11
0.890255 2.63327e+11
0.89021 2.66525e+11
0.890165 2.69744e+11
0.89012 2.72983e+11
0.890074 2.76236e+11
0.890028 2.79518e+11
0.889982 2.82818e+11
0.889935 2.86134e+11
0.889889 2.89471e+11
0.889842 2.92833e+11
0.889794 2.96218e+11
0.889747 2.9962e+11
0.889699 3.03043e+11
0.889651 3.06478e+11
0.889602 3.09945e+11
0.889553 3.13434e+11
0.889504 3.16933e+11
0.889455 3.20464e+11
0.889405 3.24011e+11
0.889356 3.27572e+11
0.889305 3.31153e+11
0.889255 3.34752e+11
0.889205 3.38361e+11
0.889154 3.42004e+11
0.889102 3.45664e+11
0.889051 3.49339e+11
0.888999 3.53046e+11
0.888947 3.56761e+11
0.888895 3.605e+11
0.888842 3.6426e+11
0.888789 3.68042e+11
0.888736 3.71833e+11
0.888683 3.7564e+11
0.888629 3.79479e+11
0.888575 3.83331e+11
0.888521 3.87207e+11
0.888467 3.91094e+11
0.888412 3.95009e+11
0.888357 3.98937e+11
0.888302 4.02878e+11
0.888246 4.06852e+11
0.88819 4.10837e+11
0.888134 4.14843e+11
0.888078 4.18868e+11
0.888021 4.22908e+11
0.887965 4.26969e+11
0.887907 4.31053e+11
0.88785 4.35149e+11
0.887793 4.39259e+11
0.887735 4.43401e+11
0.887677 4.47554e+11
0.887618 4.51719e+11
0.88756 4.55906e+11
0.887501 4.6011e+11
0.887442 4.64324e+11
0.887383 4.68561e+11
0.887323 4.72817e+11
0.887263 4.77096e+11
0.887203 4.81387e+11
0.887143 4.85704e+11
0.887082 4.9003e+11
0.887021 4.94378e+11
0.88696 4.98743e+11
0.886899 5.03119e+11
0.886837 5.07524e+11
0.886775 5.11941e+11
0.886713 5.16376e+11
0.886651 5.2083e+11
0.886588 5.25301e+11
0.886526 5.29788e+11
0.886463 5.34298e+11
0.886399 5.38821e+11
0.886336 5.43361e+11
0.886272 5.47929e+11
0.886208 5.52506e+11
0.886143 5.57101e+11
0.886079 5.61725e+11
0.886014 5.6636e+11
0.885949 5.7101e+11
0.885884 5.75668e+11
0.885818 5.80348e+11
0.885753 5.85038e+11
0.885687 5.8975e+11
0.88562 5.94483e+11
0.885554 5.99231e+11
0.885487 6.03998e+11
0.88542 6.08778e+11
0.885353 6.13581e+11
0.885286 6.18392e+11
0.885218 6.23226e+11
0.88515 6.28077e+11
0.885082 6.32946e+11
0.885014 6.37817e+11
0.884945 6.42716e+11
0.884877 6.47633e+11
0.884807 6.52569e+11
0.884738 6.57508e+11
0.884669 6.62481e+11
0.884599 6.67462e+11
0.884529 6.72468e+11
0.884459 6.77481e+11
0.884388 6.82516e+11
0.884318 6.87568e+11
0.884247 6.9263e+11
0.884176 6.97708e+11
0.884104 7.02812e+11
0.884033 7.07937e+11
0.883961 7.13066e+11
0.883889 7.18215e+11
0.883816 7.23381e+11
0.883744 7.28569e+11
0.883671 7.33765e+11
0.883598 7.3898e+11
0.883525 7.44207e+11
0.883452 7.49458e+11
0.883378 7.54727e+11
0.883304 7.60012e+11
0.88323 7.65305e+11
0.883155 7.70619e+11
0.883081 7.75947e+11
0.883006 7.81287e+11
0.882931 7.86653e+11
0.882856 7.92036e+11
0.88278 7.97438e+11
0.882704 8.02848e+11
0.882628 8.08278e+11
0.882552 8.1372e+11
0.882476 8.19177e+11
0.882399 8.24652e+11
0.882322 8.30155e+11
0.882245 8.35667e+11
0.882168 8.41193e+11
0.88209 8.4673e+11
0.882013 8.52283e+11
0.881935 8.57853e+11
0.881856 8.6345e+11
0.881778 8.69055e+11
0.881699 8.74673e+11
0.88162 8.80314e+11
0.881541 8.85966e+11
0.881462 8.91633e+11
0.881382 8.97311e+11
0.881303 9.03019e+11
0.881223 9.0873e+11
0.881142 9.14464e+11
0.881062 9.20214e+11
0.880981 9.25981e+11
0.8809 9.31764e+11
0.880819 9.37564e+11
0.880738 9.43388e+11
0.880656 9.49214e+11
0.880574 9.55057e+11
0.880492 9.60908e+11
0.88041 9.66789e+11
0.880328 9.72689e+11
0.880245 9.78592e+11
0.880162 9.8451e+11
0.880079 9.90449e+11
0.879996 9.96408e+11
0.879912 1.00238e+12
0.879828 1.00837e+12
0.879744 1.01438e+12
0.87966 1.02039e+12
0.879576 1.02642e+12
0.879491 1.03247e+12
0.879406 1.03854e+12
0.879321 1.04462e+12
0.879236 1.05071e+12
0.87915 1.05682e+12
0.879064 1.06296e+12
0.878978 1.0691e+12
0.878892 1.07527e+12
0.878806 1.08144e+12
0.878797 1.08206e+12
0.878793 1.08236e+12
0.878791 1.08251e+12
0.87879 1.08258e+12
0.878789 1.08262e+12
0.878789 1.08264e+12
0.878789 1.08265e+12
0.878788 1.08269e+12
0.878788 1.08269e+12
0.878788 1.08271e+12
0.878788 1.08271e+12
0.878788 1.08271e+12
0.878788 1.08271e+12
0.878788 1.08271e+12
0.878788 1.08271e+12
0.878788 1.08271e+12
0.878788 1.08271e+12
0.878788 1.08271e+12
0.878788 1.08271e+12
0.878788 1.08271e+12
0.878788 1.08271e+12
0.878788 1.08271e+12
0.878788 1.08271e+12
0.878788 1.08271e+12
0.878788 1.08271e+12
0.878788 1.08271e+12
0.878788 1.08271e+12
0.878788 1.08271e+12
0.878788 1.08271e+12
0.878788 1.08271e+12
0.878788 1.08271e+12
0.878788 1.08272e+12
0.878788 1.08273e+12
0.878787 1.08281e+12
0.878782 1.08319e+12
0.878759 1.0851e+12
0.878671 1.09225e+12
0.878587 1.09904e+12
0.878503 1.10585e+12
0.878419 1.11267e+12
0.878335 1.11952e+12
0.878251 1.12638e+12
0.878166 1.13326e+12
0.878081 1.14017e+12
0.877996 1.14709e+12
0.877911 1.15404e+12
0.877825 1.16099e+12
0.87774 1.16797e+12
0.877654 1.17496e+12
0.877567 1.18197e+12
0.877481 1.189e+12
0.877394 1.19605e+12
0.877307 1.20312e+12
0.87722 1.2102e+12
0.877133 1.2173e+12
0.877045 1.22443e+12
0.876957 1.23157e+12
0.87687 1.23872e+12
0.876781 1.2459e+12
0.876693 1.2531e+12
0.876604 1.26031e+12
0.876515 1.26754e+12
0.876426 1.2748e+12
0.876336 1.28207e+12
0.876247 1.28936e+12
0.876157 1.29667e+12
0.876067 1.30401e+12
0.875976 1.31135e+12
0.875886 1.31871e+12
0.875795 1.3261e+12
0.875704 1.3335e+12
0.875613 1.34091e+12
0.875521 1.34835e+12
0.87543 1.35581e+12
0.875338 1.36328e+12
0.875246 1.37077e+12
0.875153 1.37827e+12
0.875061 1.3858e+12
0.874968 1.39335e+12
0.874875 1.40092e+12
0.874782 1.4085e+12
0.874688 1.4161e+12
0.874595 1.42372e+12
0.874501 1.43137e+12
0.874406 1.43903e+12
0.874312 1.4467e+12
0.874217 1.45439e+12
0.874123 1.4621e+12
0.874028 1.46983e+12
0.873932 1.47758e+12
0.873837 1.48535e+12
0.873741 1.49313e+12
0.873645 1.50092e+12
0.873549 1.50874e+12
0.873453 1.51659e+12
0.873356 1.52445e+12
0.873259 1.53233e+12
0.873162 1.54023e+12
0.873065 1.54814e+12
0.872967 1.55607e+12
0.872869 1.56402e+12
0.872771 1.57199e+12
0.872673 1.57997e+12
0.872575 1.58798e+12
0.872476 1.596e+12
0.872377 1.60404e+12
0.872278 1.61211e+12
0.872179 1.62018e+12
0.872079 1.62828e+12
0.87198 1.63639e+12
0.87188 1.64451e+12
0.871779 1.65266e+12
0.871679 1.66083e+12
0.871578 1.66902e+12
0.871477 1.67722e+12
0.871376 1.68545e+12
0.871275 1.69369e+12
0.871173 1.70196e+12
0.871072 1.71023e+12
0.870969 1.71853e+12
0.870867 1.72684e+12
0.870765 1.73517e+12
0.870662 1.74352e+12
0.870559 1.75188e+12
0.870456 1.76027e+12
0.870353 1.76867e+12
0.870249 1.77709e+12
0.870146 1.78553e+12
0.870042 1.79399e+12
0.869937 1.80247e+12
0.869833 1.81096e+12
0.869728 1.81946e+12
0.869623 1.82799e+12
0.869518 1.83654e+12
0.869413 1.84511e+12
0.869307 1.8537e+12
0.869202 1.8623e+12
0.869096 1.87092e+12
0.868989 1.87957e+12
0.868883 1.88822e+12
0.868776 1.8969e+12
0.868669 1.9056e+12
0.868562 1.91431e+12
0.868455 1.92304e+12
0.868347 1.93179e+12
0.868239 1.94055e+12
0.868131 1.94934e+12
0.868023 1.95815e+12
0.867915 1.96697e+12
0.867806 1.97582e+12
0.867697 1.98467e+12
0.867588 1.99355e+12
0.867478 2.00244e+12
0.867369 2.01135e+12
0.867259 2.02028e+12
0.867149 2.02923e+12
0.867039 2.0382e+12
0.866928 2.04719e+12
0.866817 2.05619e+12
0.866706 2.06521e+12
0.866595 2.07425e+12
0.866484 2.08331e+12
0.866372 2.09239e+12
0.86626 2.10149e+12
0.866148 2.1106e+12
0.866036 2.11973e+12
0.865924 2.12887e+12
0.865811 2.13805e+12
0.865698 2.14723e+12
0.865585 2.15644e+12
0.865471 2.16566e+12
0.865358 2.17489e+12
0.865244 2.18415e+12
0.86513 2.19343e+12
0.865016 2.20273e+12
0.864901 2.21204e+12
0.864786 2.22138e+12
0.864671 2.23073e+12
0.864556 2.2401e+12
0.864441 2.24949e+12
0.864325 2.25889e+12
0.864209 2.26831e+12
0.864093 2.27776e+12
0.863977 2.28722e+12
0.86386 2.2967e+12
0.863743 2.3062e+12
0.863626 2.31571e+12
0.863509 2.32524e+12
0.863391 2.3348e+12
0.863274 2.34437e+12
0.863156 2.35395e+12
0.863038 2.36356e+12
0.862919 2.37319e+12
0.862801 2.38283e+12
0.862682 2.39249e+12
0.862563 2.40217e+12
0.862444 2.41187e+12
0.862324 2.42158e+12
0.862205 2.43132e+12
0.862085 2.44108e+12
0.861964 2.45085e+12
0.861844 2.46065e+12
0.861723 2.47046e+12
0.861602 2.4803e+12
0.861481 2.49015e+12
0.86136 2.50002e+12
0.861238 2.5099e+12
0.861117 2.5198e+12
0.860995 2.52971e+12
0.860873 2.53964e+12
0.86075 2.5496e+12
0.860628 2.55957e+12
0.860505 2.56956e+12
0.860382 2.57957e+12
0.860258 2.5896e+12
0.860135 2.59965e+12
0.860011 2.60972e+12
0.859887 2.61981e+12
0.859763 2.62991e+12
0.859638 2.64004e+12
0.859513 2.65017e+12
0.859388 2.66034e+12
0.859263 2.67052e+12
0.859138 2.68071e+12
0.859012 2.69092e+12
0.858887 2.70116e+12
0.85876 2.71141e+12
0.858634 2.72168e+12
0.858508 2.73197e+12
0.858381 2.74228e+12
0.858254 2.75261e+12
0.858127 2.76295e+12
0.857999 2.77331e+12
0.857872 2.78369e+12
0.857744 2.79409e+12
0.857616 2.80451e+12
0.857487 2.81495e+12
0.857359 2.82541e+12
0.85723 2.83588e+12
0.857101 2.84637e+12
0.856972 2.85689e+12
0.856842 2.86742e+12
0.856712 2.87797e+12
0.856582 2.88854e+12
0.856452 2.89912e+12
0.856322 2.90973e+12
0.856191 2.92035e+12
0.85606 2.931e+12
0.855929 2.94166e+12
0.855798 2.95234e+12
0.855666 2.96304e+12
0.855535 2.97376e+12
0.855403 2.98449e+12
0.85527 2.99525e+12
0.855138 3.00603e+12
0.855005 3.01682e+12
0.854872 3.02763e+12
0.854739 3.03846e+12
0.854606 3.04931e+12
0.854472 3.06017e+12
0.854338 3.07106e+12
0.854204 3.08197e+12
0.854069 3.0929e+12
0.853935 3.10384e+12
0.8538 3.1148e+12
0.853665 3.12579e+12
0.85353 3.13679e+12
0.853394 3.14782e+12
0.853258 3.15886e+12
0.853122 3.16991e+12
0.852986 3.18099e+12
0.85285 3.19208e+12
0.852713 3.2032e+12
0.852576 3.21433e+12
0.852439 3.22549e+12
0.852302 3.23666e+12
0.852164 3.24784e+12
0.852026 3.25905e+12
0.851888 3.27028e+12
0.85175 3.28153e+12
0.851611 3.2928e+12
0.851473 3.30408e+12
0.851334 3.31539e+12
0.851194 3.32671e+12
0.851055 3.33805e+12
0.850915 3.34941e+12
0.850775 3.36078e+12
0.850635 3.37218e+12
0.850495 3.3836e+12
0.850354 3.39504e+12
0.850213 3.40649e+12
0.850072 3.41797e+12
0.849931 3.42947e+12
0.849789 3.44098e+12
0.849647 3.45251e+12
0.849505 3.46407e+12
0.849363 3.47564e+12
0.84922 3.48724e+12
0.849078 3.49885e+12
0.848935 3.51048e+12
0.848791 3.52213e+12
0.848648 3.5338e+12
0.848504 3.54548e+12
0.84836 3.55719e+12
0.848216 3.56893e+12
0.848072 3.58067e+12
0.847927 3.59244e+12
0.847782 3.60422e+12
0.847637 3.61603e+12
0.847491 3.62786e+12
0.847346 3.6397e+12
0.8472 3.65156e+12
0.847054 3.66344e+12
0.846907 3.67534e+12
0.846761 3.68726e+12
0.846614 3.6992e+12
0.846467 3.71115e+12
0.84632 3.72313e+12
0.846172 3.73513e+12
0.846024 3.74715e+12
0.845876 3.75919e+12
0.845728 3.77125e+12
0.84558 3.78332e+12
0.845431 3.79541e+12
0.845282 3.80753e+12
0.845133 3.81966e+12
0.844983 3.83182e+12
0.844834 3.844e+12
0.844684 3.85619e+12
0.844533 3.86841e+12
0.844383 3.88065e+12
0.844232 3.8929e+12
0.844081 3.90518e+12
0.84393 3.91747e+12
0.843779 3.92978e+12
0.843627 3.94212e+12
0.843475 3.95447e+12
0.843323 3.96684e+12
0.843171 3.97923e+12
0.843018 3.99164e+12
0.842865 4.00407e+12
0.842712 4.01653e+12
0.842559 4.029e+12
0.842405 4.04149e+12
0.842251 4.05399e+12
0.842097 4.06652e+12
0.841943 4.07907e+12
0.841788 4.09164e+12
0.841634 4.10423e+12
0.841479 4.11684e+12
0.841323 4.12947e+12
0.841168 4.14211e+12
0.841012 4.15479e+12
0.840856 4.16748e+12
0.840699 4.18019e+12
0.840543 4.19293e+12
0.840386 4.20568e+12
0.840229 4.21845e+12
0.840072 4.23124e+12
0.839914 4.24405e+12
0.839757 4.25688e+12
0.839599 4.26973e+12
0.83944 4.28259e+12
0.839282 4.29549e+12
0.839123 4.3084e+12
0.838964 4.32133e+12
0.838805 4.33428e+12
0.838645 4.34726e+12
0.838485 4.36025e+12
0.838325 4.37327e+12
0.838165 4.3863e+12
0.838005 4.39935e+12
0.837844 4.41243e+12
0.837683 4.42552e+12
0.837522 4.43863e+12
0.83736 4.45177e+12
0.837198 4.46492e+12
0.837036 4.4781e+12
0.836874 4.4913e+12
0.836711 4.50452e+12
0.836549 4.51775e+12
0.836386 4.53101e+12
0.836222 4.54428e+12
0.836059 4.55758e+12
0.835895 4.5709e+12
0.835731 4.58424e+12
0.835567 4.5976e+12
0.835402 4.61098e+12
0.835238 4.62438e+12
0.835072 4.6378e+12
0.834907 4.65124e+12
0.834742 4.66471e+12
0.834576 4.67819e+12
0.83441 4.6917e+12
0.834243 4.70522e+12
0.834077 4.71876e+12
0.83391 4.73233e+12
0.833743 4.74592e+12
0.833576 4.75952e+12
0.833408 4.77315e+12
0.83324 4.7868e+12
0.833072 4.80046e+12
0.832904 4.81416e+12
0.832735 4.82787e+12
0.832566 4.8416e+12
0.832397 4.85536e+12
0.832228 4.86913e+12
0.832058 4.88292e+12
0.831889 4.89673e+12
0.831718 4.91057e+12
0.831548 4.92443e+12
0.831377 4.93831e+12
0.831206 4.95221e+12
0.831035 4.96613e+12
0.830864 4.98007e+12
0.830692 4.99404e+12
0.83052 5.00802e+12
0.830348 5.02202e+12
0.830175 5.03605e+12
0.830003 5.05009e+12
0.82983 5.06416e+12
0.829656 5.07825e+12
0.829483 5.09236e+12
0.829309 5.10649e+12
0.829135 5.12065e+12
0.828961 5.13482e+12
0.828786 5.14901e+12
0.828612 5.16322e+12
0.828437 5.17746e+12
0.828261 5.19172e+12
0.828086 5.206e+12
0.82791 5.22031e+12
0.827733 5.23463e+12
0.827557 5.24898e+12
0.82738 5.26335e+12
0.827203 5.27774e+12
0.827026 5.29214e+12
0.826849 5.30657e+12
0.826671 5.32103e+12
0.826493 5.3355e+12
0.826315 5.35e+12
0.826136 5.36451e+12
0.825958 5.37905e+12
0.825778 5.39362e+12
0.825599 5.4082e+12
0.82542 5.42281e+12
0.82524 5.43744e+12
0.82506 5.45208e+12
0.824879 5.46675e+12
0.824698 5.48145e+12
0.824518 5.49616e+12
0.824336 5.51089e+12
0.824155 5.52565e+12
0.823973 5.54043e+12
0.823791 5.55522e+12
0.823609 5.57005e+12
0.823426 5.58489e+12
0.823244 5.59976e+12
0.823061 5.61464e+12
0.822877 5.62956e+12
0.822694 5.64449e+12
0.82251 5.65944e+12
0.822326 5.67442e+12
0.822141 5.68942e+12
0.821957 5.70443e+12
0.821772 5.71947e+12
0.821586 5.73453e+12
0.821401 5.74962e+12
0.821215 5.76473e+12
0.821029 5.77986e+12
0.820843 5.79501e+12
0.820656 5.81018e+12
0.820469 5.82538e+12
0.820282 5.84059e+12
0.820095 5.85584e+12
0.819907 5.8711e+12
0.819719 5.88639e+12
0.819531 5.9017e+12
0.819342 5.91702e+12
0.819154 5.93238e+12
0.818964 5.94776e+12
0.818775 5.96316e+12
0.818585 5.97858e+12
0.818396 5.99402e+12
0.818205 6.00949e+12
0.818015 6.02497e+12
0.817824 6.04048e+12
0.817633 6.05602e+12
0.817442 6.07157e+12
0.81725 6.08715e+12
0.817059 6.10275e+12
0.816866 6.11838e+12
0.816674 6.13402e+12
0.816481 6.14969e+12
0.816288 6.16539e+12
0.816095 6.1811e+12
0.815902 6.19684e+12
0.815708 6.2126e+12
0.815514 6.22839e+12
0.815319 6.24419e+12
0.815125 6.26002e+12
0.81493 6.27588e+12
0.814734 6.29176e+12
0.814539 6.30765e+12
0.814343 6.32358e+12
0.814147 6.33952e+12
0.813951 6.35549e+12
0.813754 6.37148e+12
0.813557 6.38749e+12
0.81336 6.40353e+12
0.813163 6.41959e+12
0.812965 6.43567e+12
0.812767 6.45178e+12
0.812568 6.46791e+12
0.81237 6.48406e+12
0.812171 6.50024e+12
0.811972 6.51644e+12
0.811772 6.53266e+12
0.811572 6.5489e+12
0.811372 6.56517e+12
0.811172 6.58147e+12
0.810971 6.59779e+12
0.81077 6.61412e+12
0.810569 6.63049e+12
0.810368 6.64688e+12
0.810166 6.66329e+12
0.809964 6.67972e+12
0.809762 6.69617e+12
0.809559 6.71265e+12
0.809356 6.72916e+12
0.809153 6.74569e+12
0.808949 6.76224e+12
0.808745 6.77882e+12
0.808541 6.79542e+12
0.808337 6.81205e+12
0.808132 6.82869e+12
0.807927 6.84537e+12
0.807722 6.86206e+12
0.807516 6.87878e+12
0.80731 6.89552e+12
0.807104 6.91229e+12
0.806898 6.92908e+12
0.806691 6.9459e+12
0.806484 6.96273e+12
0.806276 6.97959e+12
0.806069 6.99647e+12
0.805861 7.01338e+12
0.805653 7.03032e+12
0.805444 7.04728e+12
0.805235 7.06426e+12
0.805026 7.08127e+12
0.804817 7.0983e+12
0.804607 7.11535e+12
0.804397 7.13243e+12
0.804187 7.14954e+12
0.803976 7.16667e+12
0.803765 7.18382e+12
0.803554 7.20099e+12
0.803342 7.2182e+12
0.803131 7.23542e+12
0.802919 7.25267e+12
0.802706 7.26994e+12
0.802493 7.28724e+12
0.80228 7.30457e+12
0.802067 7.32192e+12
0.801853 7.33929e+12
0.801639 7.35669e+12
0.801425 7.37412e+12
0.801211 7.39157e+12
0.800996 7.40904e+12
0.800781 7.42654e+12
0.800565 7.44406e+12
0.800349 7.46161e+12
0.800133 7.47918e+12
0.799917 7.49678e+12
0.7997 7.5144e+12
0.799483 7.53205e+12
0.799266 7.54972e+12
0.799048 7.56742e+12
0.79883 7.58514e+12
0.798612 7.60289e+12
0.798394 7.62066e+12
0.798175 7.63845e+12
0.797956 7.65628e+12
0.797736 7.67413e+12
0.797516 7.692e+12
0.797296 7.7099e+12
0.797076 7.72782e+12
0.796855 7.74577e+12
0.796634 7.76375e+12
0.796413 7.78174e+12
0.796191 7.79976e+12
0.795969 7.81782e+12
0.795747 7.83589e+12
0.795524 7.85399e+12
0.795301 7.87212e+12
0.795078 7.89028e+12
0.794855 7.90846e+12
0.794631 7.92666e+12
0.794407 7.94489e+12
0.794182 7.96315e+12
0.793957 7.98143e+12
0.793732 7.99973e+12
0.793507 8.01806e+12
0.793281 8.03642e+12
0.793055 8.05481e+12
0.792829 8.07321e+12
0.792602 8.09165e+12
0.792375 8.11011e+12
0.792148 8.1286e+12
0.79192 8.14712e+12
0.791692 8.16565e+12
0.791464 8.18422e+12
0.791235 8.20281e+12
0.791006 8.22142e+12
0.790777 8.24008e+12
0.790547 8.25875e+12
0.790317 8.27744e+12
0.790087 8.29617e+12
0.789856 8.31492e+12
0.789626 8.3337e+12
0.789394 8.3525e+12
0.789163 8.37133e+12
0.788931 8.39018e+12
0.788699 8.40906e+12
0.788466 8.42797e+12
0.788234 8.4469e+12
0.788 8.46586e+12
0.787767 8.48484e+12
0.787533 8.50386e+12
0.787299 8.5229e+12
0.787065 8.54196e+12
0.78683 8.56106e+12
0.786595 8.58018e+12
0.786359 8.59932e+12
0.786124 8.6185e+12
0.785887 8.6377e+12
0.785651 8.65693e+12
0.785414 8.67618e+12
0.785177 8.69546e+12
0.78494 8.71477e+12
0.784702 8.73411e+12
0.784464 8.75347e+12
0.784225 8.77286e+12
0.783987 8.79228e+12
0.783747 8.81173e+12
0.783508 8.8312e+12
0.783268 8.8507e+12
0.783028 8.87023e+12
0.782788 8.88978e+12
0.782547 8.90936e+12
0.782306 8.92897e+12
0.782064 8.94861e+12
0.781822 8.96827e+12
0.78158 8.98796e+12
0.781338 9.00768e+12
0.781095 9.02742e+12
0.780852 9.04719e+12
0.780609 9.067e+12
0.780365 9.08682e+12
0.780121 9.10668e+12
0.779876 9.12656e+12
0.779631 9.14647e+12
0.779386 9.16641e+12
0.779141 9.18638e+12
0.778895 9.20638e+12
0.778648 9.2264e+12
0.778402 9.24645e+12
0.778155 9.26653e+12
0.777908 9.28664e+12
0.77766 9.30676e+12
0.777412 9.32693e+12
0.777164 9.34712e+12
0.776915 9.36733e+12
0.776666 9.38758e+12
0.776417 9.40785e+12
0.776168 9.42815e+12
0.775918 9.44848e+12
0.775667 9.46884e+12
0.775417 9.48923e+12
0.775165 9.50964e+12
0.774914 9.53009e+12
0.774662 9.55057e+12
0.77441 9.57107e+12
0.774158 9.5916e+12
0.773905 9.61216e+12
0.773652 9.63275e+12
0.773398 9.65336e+12
0.773144 9.674e+12
0.77289 9.69468e+12
0.772636 9.71538e+12
0.772381 9.73612e+12
0.772125 9.75688e+12
0.77187 9.77766e+12
0.771614 9.79848e+12
0.771357 9.81933e+12
0.771101 9.8402e+12
0.770844 9.86112e+12
0.770586 9.88206e+12
0.770328 9.90302e+12
0.77007 9.92402e+12
0.769812 9.94504e+12
0.769553 9.96609e+12
0.769294 9.98717e+12
0.769034 1.00083e+13
0.768774 1.00294e+13
0.768514 1.00506e+13
0.768253 1.00718e+13
0.767992 1.0093e+13
0.767731 1.01143e+13
0.767469 1.01355e+13
0.767207 1.01569e+13
0.766944 1.01782e+13
0.766682 1.01996e+13
0.766418 1.0221e+13
0.766155 1.02424e+13
0.765891 1.02639e+13
0.765627 1.02854e+13
0.765362 1.03069e+13
0.765097 1.03285e+13
0.764831 1.035e+13
0.764566 1.03717e+13
0.764299 1.03933e+13
0.764033 1.0415e+13
0.763766 1.04367e+13
0.763499 1.04584e+13
0.763231 1.04802e+13
0.762963 1.0502e+13
0.762695 1.05238e+13
0.762426 1.05457e+13
0.762157 1.05675e+13
0.761887 1.05895e+13
0.761617 1.06114e+13
0.761347 1.06334e+13
0.761077 1.06554e+13
0.760806 1.06774e+13
0.760534 1.06995e+13
0.760263 1.07216e+13
0.75999 1.07437e+13
0.759718 1.07659e+13
0.759445 1.07881e+13
0.759172 1.08103e+13
0.758898 1.08326e+13
0.758624 1.08549e+13
0.75835 1.08772e+13
0.758075 1.08995e+13
0.7578 1.09219e+13
0.757524 1.09443e+13
0.757248 1.09667e+13
0.756972 1.09892e+13
0.756695 1.10117e+13
0.756418 1.10342e+13
0.756141 1.10568e+13
0.755863 1.10794e+13
0.755585 1.1102e+13
0.755306 1.11247e+13
0.755027 1.11474e+13
0.754748 1.11701e+13
0.754468 1.11929e+13
0.754188 1.12156e+13
0.753907 1.12385e+13
0.753626 1.12613e+13
0.753345 1.12842e+13
0.753063 1.13071e+13
0.752781 1.133e+13
0.752498 1.1353e+13
0.752215 1.1376e+13
0.751932 1.13991e+13
0.751648 1.14221e+13
0.751364 1.14452e+13
0.75108 1.14684e+13
0.750795 1.14915e+13
0.75051 1.15147e+13
0.750224 1.1538e+13
0.749938 1.15612e+13
0.749652 1.15845e+13
0.749365 1.16078e+13
0.749078 1.16312e+13
0.74879 1.16546e+13
0.748502 1.1678e+13
0.748214 1.17015e+13
0.747925 1.1725e+13
0.747635 1.17485e+13
0.747346 1.1772e+13
0.747056 1.17956e+13
0.746765 1.18192e+13
0.746475 1.18429e+13
0.746183 1.18666e+13
0.745892 1.18903e+13
0.7456 1.1914e+13
0.745307 1.19378e+13
0.745014 1.19616e+13
0.744721 1.19855e+13
0.744427 1.20094e+13
0.744133 1.20333e+13
0.743839 1.20572e+13
0.743544 1.20812e+13
0.743249 1.21052e+13
0.742953 1.21293e+13
0.742657 1.21534e+13
0.74236 1.21775e+13
0.742063 1.22016e+13
0.741766 1.22258e+13
0.741468 1.225e+13
0.74117 1.22743e+13
0.740871 1.22986e+13
0.740572 1.23229e+13
0.740273 1.23472e+13
0.739973 1.23716e+13
0.739673 1.2396e+13
0.739372 1.24205e+13
0.739071 1.2445e+13
0.738769 1.24695e+13
0.738468 1.2494e+13
0.738165 1.25186e+13
0.737862 1.25433e+13
0.737559 1.25679e+13
0.737256 1.25926e+13
0.736952 1.26173e+13
0.736647 1.26421e+13
0.736342 1.26669e+13
0.736037 1.26917e+13
0.735731 1.27166e+13
0.735425 1.27415e+13
0.735119 1.27664e+13
0.734812 1.27914e+13
0.734504 1.28164e+13
0.734196 1.28414e+13
0.733888 1.28665e+13
0.733579 1.28916e+13
0.73327 1.29167e+13
0.732961 1.29419e+13
0.732651 1.29671e+13
0.73234 1.29923e+13
0.73203 1.30176e+13
0.731718 1.30429e+13
0.731407 1.30683e+13
0.731094 1.30937e+13
0.730782 1.31191e+13
0.730469 1.31445e+13
0.730156 1.317e+13
0.729842 1.31955e+13
0.729527 1.32211e+13
0.729213 1.32467e+13
0.728898 1.32723e+13
0.728582 1.3298e+13
0.728266 1.33237e+13
0.72795 1.33494e+13
0.727633 1.33752e+13
0.727315 1.3401e+13
0.726998 1.34268e+13
0.72668 1.34527e+13
0.726361 1.34786e+13
0.726042 1.35045e+13
0.725722 1.35305e+13
0.725402 1.35565e+13
0.725082 1.35826e+13
0.724761 1.36087e+13
0.72444 1.36348e+13
0.724118 1.3661e+13
0.723796 1.36872e+13
0.723473 1.37134e+13
0.72315 1.37397e+13
0.722827 1.3766e+13
0.722503 1.37923e+13
0.722179 1.38187e+13
0.721854 1.38451e+13
0.721528 1.38716e+13
0.721203 1.38981e+13
0.720877 1.39246e+13
0.72055 1.39512e+13
0.720223 1.39778e+13
0.719895 1.40044e+13
0.719567 1.40311e+13
0.719239 1.40578e+13
0.71891 1.40845e+13
0.718581 1.41113e+13
0.718251 1.41381e+13
0.71792 1.4165e+13
0.71759 1.41919e+13
0.717259 1.42188e+13
0.716927 1.42458e+13
0.716595 1.42728e+13
0.716262 1.42998e+13
0.715929 1.43269e+13
0.715596 1.4354e+13
0.715262 1.43812e+13
0.714928 1.44084e+13
0.714593 1.44356e+13
0.714257 1.44629e+13
0.713922 1.44902e+13
0.713585 1.45175e+13
0.713249 1.45449e+13
0.712912 1.45723e+13
0.712574 1.45998e+13
0.712236 1.46273e+13
0.711897 1.46548e+13
0.711558 1.46824e+13
0.711219 1.471e+13
0.710879 1.47377e+13
0.710538 1.47653e+13
0.710197 1.47931e+13
0.709856 1.48208e+13
0.709514 1.48486e+13
0.709172 1.48765e+13
0.708829 1.49043e+13
0.708486 1.49323e+13
0.708142 1.49602e+13
0.707798 1.49882e+13
0.707453 1.50162e+13
0.707108 1.50443e+13
0.706763 1.50724e+13
0.706416 1.51006e+13
0.70607 1.51287e+13
0.705723 1.5157e+13
0.705375 1.51852e+13
0.705027 1.52135e+13
0.704679 1.52419e+13
0.70433 1.52702e+13
0.70398 1.52987e+13
0.703631 1.53271e+13
0.70328 1.53556e+13
0.702929 1.53841e+13
0.702578 1.54127e+13
0.702226 1.54413e+13
0.701874 1.547e+13
0.701521 1.54987e+13
0.701168 1.55274e+13
0.700814 1.55562e+13
0.70046 1.5585e+13
0.700105 1.56138e+13
0.69975 1.56427e+13
0.699394 1.56716e+13
0.699038 1.57006e+13
0.698681 1.57296e+13
0.698324 1.57587e+13
0.697966 1.57877e+13
0.697608 1.58169e+13
0.69725 1.5846e+13
0.696891 1.58752e+13
0.696531 1.59045e+13
0.696171 1.59338e+13
0.69581 1.59631e+13
0.695449 1.59924e+13
0.695088 1.60219e+13
0.694726 1.60513e+13
0.694363 1.60808e+13
0.694 1.61103e+13
0.693636 1.61399e+13
0.693272 1.61695e+13
0.692908 1.61991e+13
0.692543 1.62288e+13
0.692177 1.62585e+13
0.691811 1.62883e+13
0.691444 1.63181e+13
0.691077 1.6348e+13
0.69071 1.63779e+13
0.690342 1.64078e+13
0.689973 1.64378e+13
0.689604 1.64678e+13
0.689235 1.64978e+13
0.688864 1.65279e+13
0.688494 1.65581e+13
0.688123 1.65883e+13
0.687751 1.66185e+13
0.687379 1.66487e+13
0.687006 1.6679e+13
0.686633 1.67094e+13
0.68626 1.67398e+13
0.685886 1.67702e+13
0.685511 1.68007e+13
0.685136 1.68312e+13
0.68476 1.68617e+13
0.684384 1.68923e+13
0.684007 1.69229e+13
0.68363 1.69536e+13
0.683252 1.69843e+13
0.682874 1.70151e+13
0.682496 1.70459e+13
0.682116 1.70767e+13
0.681737 1.71076e+13
0.681356 1.71385e+13
0.680975 1.71695e+13
0.680594 1.72005e+13
0.680212 1.72316e+13
0.67983 1.72627e+13
0.679447 1.72938e+13
0.679064 1.7325e+13
0.67868 1.73561e+13
0.678297 1.73874e+13
0.677912 1.74186e+13
0.677528 1.74499e+13
0.677143 1.74812e+13
0.676758 1.75125e+13
0.676372 1.75439e+13
0.675986 1.75753e+13
0.6756 1.76067e+13
0.675213 1.76381e+13
0.674826 1.76696e+13
0.674439 1.77011e+13
0.674051 1.77326e+13
0.673663 1.77641e+13
0.673275 1.77957e+13
0.672886 1.78273e+13
0.672497 1.7859e+13
0.672108 1.78906e+13
0.671719 1.79223e+13
0.671329 1.7954e+13
0.670938 1.79858e+13
0.670548 1.80175e+13
0.670157 1.80493e+13
0.669765 1.80811e+13
0.669374 1.8113e+13
0.668982 1.81449e+13
0.66859 1.81768e+13
0.668197 1.82087e+13
0.667804 1.82407e+13
0.667411 1.82726e+13
0.667017 1.83047e+13
0.666623 1.83367e+13
0.666229 1.83688e+13
0.665834 1.84008e+13
0.665439 1.8433e+13
0.665044 1.84651e+13
0.664649 1.84973e+13
0.664253 1.85295e+13
0.663856 1.85617e+13
0.66346 1.85939e+13
0.663063 1.86262e+13
0.662666 1.86585e+13
0.662268 1.86909e+13
0.66187 1.87232e+13
0.661472 1.87556e+13
0.661073 1.8788e+13
0.660675 1.88204e+13
0.660275 1.88529e+13
0.659876 1.88854e+13
0.659476 1.89179e+13
0.659076 1.89505e+13
0.658675 1.8983e+13
0.658275 1.90156e+13
0.657873 1.90482e+13
0.657472 1.90809e+13
0.65707 1.91136e+13
0.656668 1.91463e+13
0.656266 1.9179e+13
0.655863 1.92117e+13
0.65546 1.92445e+13
0.655056 1.92773e+13
0.654653 1.93102e+13
0.654249 1.9343e+13
0.653844 1.93759e+13
0.65344 1.94088e+13
0.653035 1.94417e+13
0.652629 1.94747e+13
0.652224 1.95077e+13
0.651818 1.95407e+13
0.651412 1.95737e+13
0.651005 1.96068e+13
0.650598 1.96399e+13
0.650191 1.9673e+13
0.649783 1.97062e+13
0.649375 1.97393e+13
0.648967 1.97725e+13
0.648559 1.98057e+13
0.64815 1.9839e+13
0.647741 1.98723e+13
0.647332 1.99055e+13
0.646922 1.99389e+13
0.646512 1.99722e+13
0.646101 2.00056e+13
0.645691 2.0039e+13
0.64528 2.00724e+13
0.644868 2.01058e+13
0.644457 2.01393e+13
0.644045 2.01728e+13
0.643633 2.02063e+13
0.64322 2.02399e+13
0.642807 2.02735e+13
0.642394 2.0307e+13
0.641981 2.03407e+13
0.641567 2.03743e+13
0.641153 2.0408e+13
0.640739 2.04417e+13
0.640324 2.04754e+13
0.639909 2.05091e+13
0.639494 2.05429e+13
0.639079 2.05767e+13
0.638663 2.06105e+13
0.638247 2.06444e+13
0.63783 2.06782e+13
0.637413 2.07121e+13
0.636996 2.0746e+13
0.636579 2.078e+13
0.636161 2.08139e+13
0.635744 2.08479e+13
0.635325 2.08819e+13
0.634907 2.0916e+13
0.634488 2.095e+13
0.634069 2.09841e+13
0.633649 2.10182e+13
0.63323 2.10523e+13
0.63281 2.10865e+13
0.632389 2.11207e+13
0.631969 2.11549e+13
0.631548 2.11891e+13
0.631127 2.12234e+13
0.630705 2.12576e+13
0.630284 2.12919e+13
0.629862 2.13263e+13
0.629439 2.13606e+13
0.629017 2.1395e+13
0.628594 2.14294e+13
0.628171 2.14638e+13
0.627747 2.14982e+13
0.627324 2.15326e+13
0.6269 2.15671e+13
0.626475 2.16016e+13
0.626051 2.16362e+13
0.625626 2.16707e+13
0.625201 2.17053e+13
0.624776 2.17399e+13
0.62435 2.17745e+13
0.623924 2.18091e+13
0.623498 2.18438e+13
0.623071 2.18785e+13
0.622644 2.19132e+13
0.622217 2.19479e+13
0.62179 2.19827e+13
0.621362 2.20175e+13
0.620934 2.20522e+13
0.620506 2.20871e+13
0.620078 2.21219e+13
0.619649 2.21568e+13
0.61922 2.21916e+13
0.618791 2.22265e+13
0.618362 2.22615e+13
0.617932 2.22964e+13
0.617502 2.23314e+13
0.617072 2.23664e+13
0.616641 2.24014e+13
0.616211 2.24364e+13
0.615779 2.24715e+13
0.615348 2.25065e+13
0.614917 2.25416e+13
0.614485 2.25767e+13
0.614053 2.26119e+13
0.613621 2.2647e+13
0.613188 2.26822e+13
0.612755 2.27174e+13
0.612322 2.27526e+13
0.611889 2.27879e+13
0.611455 2.28231e+13
0.611022 2.28584e+13
0.610588 2.28937e+13
0.610153 2.2929e+13
0.609719 2.29643e+13
0.609284 2.29997e+13
0.608849 2.30351e+13
0.608413 2.30705e+13
0.607978 2.31059e+13
0.607542 2.31414e+13
0.607106 2.31768e+13
0.60667 2.32123e+13
0.606233 2.32478e+13
0.60619 2.32513e+13
0.606168 2.32531e+13
0.606157 2.3254e+13
0.606102 2.32584e+13
0.606075 2.32607e+13
0.606061 2.32618e+13
0.606061 2.32618e+13
0.606061 2.32618e+13
0.606061 2.32618e+13
0.606061 2.32618e+13
0.606061 2.32618e+13
0.606061 2.32618e+13
0.606061 2.32618e+13
0.606061 2.32618e+13
0.606061 2.32618e+13
0.606061 2.32618e+13
0.606061 2.32618e+13
0.606061 2.32618e+13
0.606061 2.32618e+13
0.606061 2.32618e+13
0.606061 2.32618e+13
0.606061 2.32618e+13
0.606061 2.32618e+13
0.606061 2.32618e+13
0.606061 2.32618e+13
0.606061 2.32618e+13
0.606061 2.32618e+13
0.606061 2.32618e+13
0.606061 2.32618e+13
0.606061 2.32618e+13
0.606061 2.32618e+13
0.606061 2.32618e+13
0.606061 2.32618e+13
0.606061 2.32618e+13
0.606061 2.32618e+13
0.606061 2.32618e+13
0.60606 2.32619e+13
0.606059 2.32619e+13
0.606054 2.32624e+13
0.606028 2.32646e+13
0.6059 2.32756e+13
0.605488 2.33107e+13
0.605068 2.33466e+13
0.604647 2.33824e+13
0.604227 2.34183e+13
0.603806 2.34543e+13
0.603385 2.34902e+13
0.602963 2.35261e+13
0.602542 2.35621e+13
0.60212 2.35981e+13
0.601698 2.36341e+13
0.601276 2.36701e+13
0.600854 2.37062e+13
0.600431 2.37422e+13
0.600008 2.37783e+13
0.599585 2.38144e+13
0.599162 2.38506e+13
0.598739 2.38867e+13
0.598315 2.39228e+13
0.597891 2.3959e+13
0.597467 2.39952e+13
0.597043 2.40314e+13
0.596619 2.40676e+13
0.596194 2.41039e+13
0.595769 2.41401e+13
0.595344 2.41764e+13
0.594919 2.42127e+13
0.594494 2.4249e+13
0.594068 2.42853e+13
0.593642 2.43216e+13
0.593216 2.4358e+13
0.59279 2.43944e+13
0.592364 2.44307e+13
0.591937 2.44671e+13
0.591511 2.45035e+13
0.591084 2.454e+13
0.591041 2.45436e+13
0.59102 2.45454e+13
0.590913 2.45545e+13
0.590913 2.45546e+13
0.590911 2.45548e+13
0.590909 2.45549e+13
0.590909 2.45549e+13
0.590909 2.45549e+13
0.590909 2.45549e+13
0.590909 2.45549e+13
0.590909 2.45549e+13
0.590909 2.45549e+13
0.590909 2.45549e+13
0.590909 2.45549e+13
0.590909 2.45549e+13
0.590909 2.45549e+13
0.590909 2.45549e+13
0.590909 2.45549e+13
0.590909 2.45549e+13
0.590909 2.45549e+13
0.590909 2.45549e+13
0.590909 2.45549e+13
0.590909 2.45549e+13
0.590909 2.45549e+13
0.590909 2.45549e+13
0.590909 2.45549e+13
0.590909 2.45549e+13
0.590909 2.45549e+13
0.590906 2.45551e+13
0.590895 2.45562e+13
0.590838 2.45616e+13
0.590552 2.45884e+13
0.590157 2.46255e+13
0.589763 2.46625e+13
0.589368 2.46996e+13
0.588973 2.47366e+13
0.588578 2.47737e+13
0.588183 2.48108e+13
0.587788 2.48479e+13
0.587393 2.4885e+13
0.586997 2.49222e+13
0.586602 2.49593e+13
0.586206 2.49965e+13
0.58581 2.50336e+13
0.585414 2.50708e+13
0.585017 2.5108e+13
0.584621 2.51453e+13
0.584224 2.51825e+13
0.583828 2.52197e+13
0.583431 2.5257e+13
0.583034 2.52943e+13
0.582637 2.53316e+13
0.58224 2.53688e+13
0.581842 2.54062e+13
0.581445 2.54435e+13
0.581047 2.54808e+13
0.580649 2.55181e+13
0.580251 2.55555e+13
0.579853 2.55929e+13
0.579455 2.56302e+13
0.579057 2.56676e+13
0.578659 2.5705e+13
0.57826 2.57425e+13
0.577862 2.57799e+13
0.577463 2.58173e+13
0.577064 2.58547e+13
0.576665 2.58922e+13
0.576266 2.59297e+13
0.575867 2.59671e+13
0.575468 2.60046e+13
0.575069 2.60421e+13
0.574669 2.60796e+13
0.57427 2.61171e+13
0.57387 2.61546e+13
0.57347 2.61922e+13
0.57307 2.62297e+13
0.572671 2.62672e+13
0.572271 2.63048e+13
0.57187 2.63424e+13
0.57147 2.63799e+13
0.57107 2.64175e+13
0.57067 2.64551e+13
0.570269 2.64927e+13
0.569869 2.65303e+13
0.569468 2.65679e+13
0.569068 2.66055e+13
0.568667 2.66431e+13
0.568266 2.66808e+13
0.567865 2.67184e+13
0.567464 2.6756e+13
0.567064 2.67937e+13
0.566663 2.68313e+13
0.566261 2.6869e+13
0.56586 2.69067e+13
0.565459 2.69443e+13
0.565058 2.6982e+13
0.564656 2.70197e+13
0.564255 2.70574e+13
0.563853 2.70951e+13
0.563452 2.71328e+13
0.56305 2.71705e+13
0.562649 2.72082e+13
0.562247 2.72459e+13
0.561846 2.72836e+13
0.561444 2.73213e+13
0.561042 2.7359e+13
0.560641 2.73967e+13
0.560637 2.73971e+13
0.560617 2.7399e+13
0.560607 2.73999e+13
0.560607 2.73999e+13
0.560606 2.73999e+13
0.560606 2.74e+13
0.560606 2.74e+13
0.560606 2.74e+13
0.560606 2.74e+13
0.560606 2.74e+13
0.560606 2.74e+13
0.560606 2.74e+13
0.560606 2.74e+13
0.560606 2.74e+13
0.560606 2.74e+13
0.560606 2.74e+13
0.560606 2.74e+13
0.560606 2.74e+13
0.560606 2.74e+13
0.560606 2.74e+13
0.560606 2.74e+13
0.560606 2.74e+13
0.560606 2.74e+13
0.560606 2.74e+13
0.560606 2.74e+13
0.560606 2.74e+13
0.560606 2.74e+13
0.560606 2.74e+13
0.560606 2.74e+13
0.560606 2.74e+13
0.560606 2.74e+13
0.560606 2.74e+13
0.560606 2.74e+13
0.560604 2.74001e+13
0.560598 2.74009e+13
0.560563 2.74045e+13
0.560393 2.74225e+13
0.560031 2.74608e+13
0.559669 2.74991e+13
0.559307 2.75374e+13
0.558946 2.75757e+13
0.558584 2.7614e+13
0.558222 2.76523e+13
0.55786 2.76906e+13
0.557499 2.77288e+13
0.557137 2.77671e+13
0.556775 2.78054e+13
0.556413 2.78437e+13
0.556052 2.7882e+13
0.55569 2.79203e+13
0.555328 2.79585e+13
0.554966 2.79968e+13
0.554605 2.80351e+13
0.554243 2.80734e+13
0.553882 2.81116e+13
0.55352 2.81499e+13
0.553159 2.81882e+13
0.552797 2.82264e+13
0.552436 2.82647e+13
0.552074 2.8303e+13
0.551713 2.83412e+13
0.551351 2.83794e+13
0.55099 2.84177e+13
0.550629 2.84559e+13
0.550267 2.84942e+13
0.549906 2.85324e+13
0.549545 2.85706e+13
0.549184 2.86088e+13
0.548823 2.8647e+13
0.548462 2.86852e+13
0.548101 2.87234e+13
0.547741 2.87616e+13
0.54738 2.87997e+13
0.547019 2.88379e+13
0.546659 2.88761e+13
0.546299 2.89142e+13
0.545938 2.89523e+13
0.545578 2.89905e+13
0.545542 2.89943e+13
0.545524 2.89962e+13
0.545515 2.89971e+13
0.54547 2.90019e+13
0.545468 2.90021e+13
0.545456 2.90033e+13
0.545456 2.90034e+13
0.545456 2.90034e+13
0.545455 2.90034e+13
0.545455 2.90035e+13
0.545455 2.90035e+13
0.545455 2.90035e+13
0.545455 2.90035e+13
0.545455 2.90035e+13
0.545455 2.90035e+13
0.545455 2.90035e+13
0.545455 2.90035e+13
0.545455 2.90035e+13
0.545455 2.90035e+13
0.545455 2.90035e+13
0.545455 2.90035e+13
0.545455 2.90035e+13
0.545455 2.90035e+13
0.545455 2.90035e+13
0.545455 2.90035e+13
0.545455 2.90035e+13
0.545455 2.90035e+13
0.545455 2.90035e+13
0.545455 2.90035e+13
0.545455 2.90035e+13
0.545455 2.90035e+13
0.545455 2.90035e+13
0.545455 2.90035e+13
0.545455 2.90035e+13
0.545455 2.90035e+13
0.545455 2.90035e+13
0.545454 2.90035e+13
0.545454 2.90036e+13
0.545452 2.90039e+13
0.545443 2.90052e+13
0.545396 2.90121e+13
0.545162 2.90465e+13
0.544894 2.90857e+13
0.544627 2.91249e+13
0.54436 2.9164e+13
0.544092 2.92032e+13
0.543825 2.92424e+13
0.543558 2.92815e+13
0.543291 2.93206e+13
0.543024 2.93598e+13
0.542758 2.93989e+13
0.542491 2.94379e+13
0.542225 2.9477e+13
0.541958 2.9516e+13
0.541692 2.95551e+13
0.541426 2.95941e+13
0.54116 2.96331e+13
0.540894 2.9672e+13
0.540628 2.9711e+13
0.540363 2.97499e+13
0.540097 2.97888e+13
0.539832 2.98278e+13
0.539567 2.98666e+13
0.539302 2.99055e+13
0.539037 2.99443e+13
0.538772 2.99831e+13
0.538508 3.00219e+13
0.538243 3.00606e+13
0.537979 3.00994e+13
0.537715 3.01381e+13
0.537451 3.01768e+13
0.537187 3.02154e+13
0.536924 3.0254e+13
0.53666 3.02927e+13
0.536397 3.03312e+13
0.536134 3.03698e+13
0.535871 3.04083e+13
0.535609 3.04468e+13
0.535347 3.04852e+13
0.535084 3.05237e+13
0.534822 3.05621e+13
0.534561 3.06004e+13
0.534299 3.06388e+13
0.534038 3.06771e+13
0.533777 3.07153e+13
0.533516 3.07536e+13
0.533255 3.07918e+13
0.532995 3.08299e+13
0.532735 3.08681e+13
0.532475 3.09061e+13
0.532216 3.09442e+13
0.531956 3.09822e+13
0.531697 3.10202e+13
0.531438 3.10581e+13
0.53118 3.1096e+13
0.530922 3.11339e+13
0.530664 3.11717e+13
0.530406 3.12094e+13
0.530149 3.12472e+13
0.529892 3.12849e+13
0.529635 3.13225e+13
0.529378 3.13601e+13
0.529122 3.13976e+13
0.528867 3.14351e+13
0.528611 3.14726e+13
0.528356 3.151e+13
0.528101 3.15473e+13
0.527847 3.15846e+13
0.527593 3.16219e+13
0.527339 3.16591e+13
0.527086 3.16962e+13
0.526833 3.17333e+13
0.52658 3.17703e+13
0.526328 3.18073e+13
0.526076 3.18442e+13
0.525824 3.18811e+13
0.525573 3.19179e+13
0.525323 3.19546e+13
0.525073 3.19913e+13
0.524823 3.20279e+13
0.524573 3.20645e+13
0.524324 3.2101e+13
0.524076 3.21374e+13
0.523828 3.21737e+13
0.52358 3.221e+13
0.523333 3.22462e+13
0.523087 3.22824e+13
0.522841 3.23185e+13
0.522595 3.23545e+13
0.52235 3.23904e+13
0.522105 3.24262e+13
0.521862 3.2462e+13
0.521618 3.24977e+13
0.521375 3.25333e+13
0.521133 3.25688e+13
0.520891 3.26043e+13
0.52065 3.26396e+13
0.520409 3.26749e+13
0.520169 3.27101e+13
0.519929 3.27452e+13
0.519691 3.27802e+13
0.519452 3.28151e+13
0.519215 3.285e+13
0.518978 3.28847e+13
0.518742 3.29193e+13
0.518506 3.29539e+13
0.518271 3.29883e+13
0.518037 3.30226e+13
0.517803 3.30568e+13
0.517571 3.3091e+13
0.517339 3.31249e+13
0.517108 3.31588e+13
0.516877 3.31926e+13
0.516648 3.32263e+13
0.516419 3.32598e+13
0.51619 3.32933e+13
0.515963 3.33266e+13
0.515737 3.33598e+13
0.515511 3.33929e+13
0.515286 3.34258e+13
0.515062 3.34586e+13
0.514839 3.34913e+13
0.514617 3.35239e+13
0.514396 3.35563e+13
0.514176 3.35886e+13
0.513957 3.36207e+13
0.513739 3.36527e+13
0.513521 3.36846e+13
0.513305 3.37162e+13
0.51309 3.37478e+13
0.512876 3.37791e+13
0.512663 3.38104e+13
0.512451 3.38414e+13
0.51224 3.38723e+13
0.512031 3.39031e+13
0.511822 3.39336e+13
0.511615 3.3964e+13
0.511409 3.39942e+13
0.511204 3.40242e+13
0.511 3.40541e+13
0.510798 3.40837e+13
0.510597 3.41132e+13
0.510397 3.41425e+13
0.510199 3.41716e+13
0.510002 3.42004e+13
0.509807 3.42291e+13
0.509612 3.42575e+13
0.50942 3.42858e+13
0.509229 3.43138e+13
0.509039 3.43416e+13
0.508851 3.43692e+13
0.508665 3.43965e+13
0.50848 3.44236e+13
0.508297 3.44504e+13
0.508115 3.4477e+13
0.507936 3.45034e+13
0.507758 3.45295e+13
0.507581 3.45553e+13
0.507407 3.45809e+13
0.507234 3.46061e+13
0.507064 3.46312e+13
0.506895 3.46559e+13
0.506728 3.46803e+13
0.506564 3.47044e+13
0.506401 3.47283e+13
0.506241 3.47518e+13
0.506082 3.4775e+13
0.505926 3.47979e+13
0.505772 3.48205e+13
0.505621 3.48427e+13
0.505472 3.48646e+13
0.505325 3.48861e+13
0.50518 3.49073e+13
0.505038 3.49281e+13
0.504898 3.49486e+13
0.504761 3.49686e+13
0.504627 3.49883e+13
0.504495 3.50076e+13
0.504367 3.50265e+13
0.50424 3.5045e+13
0.504117 3.50631e+13
0.503997 3.50807e+13
0.503879 3.5098e+13
0.503765 3.51147e+13
0.503653 3.51311e+13
0.503545 3.5147e+13
0.50344 3.51624e+13
0.503338 3.51773e+13
0.503239 3.51918e+13
0.503144 3.52058e+13
0.503052 3.52193e+13
0.502963 3.52322e+13
0.502878 3.52447e+13
0.502797 3.52566e+13
0.502719 3.5268e+13
0.502645 3.52789e+13
0.502574 3.52892e+13
0.502508 3.5299e+13
0.502445 3.53083e+13
0.502386 3.53169e+13
0.50233 3.5325e+13
0.502279 3.53325e+13
0.502232 3.53394e+13
0.502189 3.53458e+13
0.502149 3.53515e+13
0.502114 3.53567e+13
0.502083 3.53612e+13
0.502056 3.53652e+13
0.502034 3.53685e+13
0.502015 3.53712e+13
0.502001 3.53733e+13
0.501991 3.53748e+13
0.501985 3.53757e+13
0.501983 3.53759e+13
0.501986 3.53755e+13
0.501993 3.53745e+13
0.502004 3.53729e+13
0.502019 3.53707e+13
0.502038 3.53678e+13
0.502062 3.53644e+13
0.50209 3.53603e+13
0.502122 3.53556e+13
0.502158 3.53503e+13
0.502198 3.53444e+13
0.502243 3.53379e+13
0.502291 3.53308e+13
0.502343 3.53231e+13
0.5024 3.53148e+13
0.50246 3.5306e+13
0.502524 3.52966e+13
0.502592 3.52866e+13
0.502664 3.52761e+13
0.50274 3.5265e+13
0.502819 3.52534e+13
0.502902 3.52413e+13
0.502988 3.52286e+13
0.503078 3.52154e+13
0.503172 3.52017e+13
0.503268 3.51875e+13
0.503369 3.51728e+13
0.503472 3.51576e+13
0.503579 3.5142e+13
0.503689 3.51258e+13
0.503802 3.51092e+13
0.503919 3.50922e+13
0.504038 3.50747e+13
0.50416 3.50568e+13
0.504286 3.50384e+13
0.504414 3.50196e+13
0.504545 3.50004e+13
0.504678 3.49808e+13
0.504815 3.49608e+13
0.504954 3.49404e+13
0.505096 3.49197e+13
0.50524 3.48985e+13
0.505387 3.4877e+13
0.505536 3.48551e+13
0.505687 3.48329e+13
0.505841 3.48103e+13
0.505998 3.47874e+13
0.506157 3.47641e+13
0.506317 3.47406e+13
0.50648 3.47167e+13
0.506646 3.46924e+13
0.506813 3.46679e+13
0.506982 3.46431e+13
0.507154 3.4618e+13
0.507327 3.45926e+13
0.507502 3.45669e+13
0.507679 3.45409e+13
0.507858 3.45147e+13
0.508039 3.44881e+13
0.508222 3.44614e+13
0.508406 3.44343e+13
0.508593 3.44071e+13
0.50878 3.43795e+13
0.50897 3.43517e+13
0.509161 3.43237e+13
0.509354 3.42955e+13
0.509548 3.4267e+13
0.509744 3.42383e+13
0.509941 3.42094e+13
0.51014 3.41802e+13
0.51034 3.41509e+13
0.510542 3.41213e+13
0.510745 3.40916e+13
0.510949 3.40616e+13
0.511155 3.40315e+13
0.511362 3.40011e+13
0.51157 3.39706e+13
0.51178 3.39399e+13
0.51199 3.3909e+13
0.512202 3.38779e+13
0.512416 3.38466e+13
0.51263 3.38152e+13
0.512846 3.37836e+13
0.513062 3.37519e+13
0.51328 3.37199e+13
0.513499 3.36878e+13
0.513719 3.36556e+13
0.51394 3.36232e+13
0.514162 3.35906e+13
0.514385 3.35579e+13
0.514609 3.35251e+13
0.514834 3.34921e+13
0.51506 3.3459e+13
0.515287 3.34257e+13
0.515515 3.33923e+13
0.515744 3.33588e+13
0.515973 3.33251e+13
0.516204 3.32913e+13
0.516435 3.32574e+13
0.516668 3.32233e+13
0.516901 3.31891e+13
0.517135 3.31549e+13
0.51737 3.31204e+13
0.517605 3.30859e+13
0.517841 3.30513e+13
0.518078 3.30165e+13
0.518316 3.29817e+13
0.518555 3.29467e+13
0.518794 3.29116e+13
0.519034 3.28764e+13
0.519275 3.28411e+13
0.519516 3.28058e+13
0.519758 3.27703e+13
0.520001 3.27347e+13
0.520245 3.2699e+13
0.520489 3.26632e+13
0.520733 3.26274e+13
0.520979 3.25914e+13
0.521224 3.25554e+13
0.521471 3.25193e+13
0.521718 3.2483e+13
0.521966 3.24467e+13
0.522214 3.24103e+13
0.522463 3.23739e+13
0.522712 3.23373e+13
0.522962 3.23007e+13
0.523212 3.2264e+13
0.523463 3.22272e+13
0.523715 3.21903e+13
0.523967 3.21534e+13
0.524219 3.21163e+13
0.524472 3.20793e+13
0.524726 3.20421e+13
0.52498 3.20049e+13
0.525235 3.19675e+13
0.525489 3.19302e+13
0.525745 3.18928e+13
0.526 3.18553e+13
0.526257 3.18177e+13
0.526513 3.17801e+13
0.52677 3.17424e+13
0.527028 3.17046e+13
0.527286 3.16668e+13
0.527544 3.1629e+13
0.527803 3.15911e+13
0.528062 3.15531e+13
0.528321 3.1515e+13
0.528581 3.14769e+13
0.528842 3.14388e+13
0.529102 3.14006e+13
0.529363 3.13623e+13
0.529624 3.1324e+13
0.529886 3.12857e+13
0.530148 3.12473e+13
0.530411 3.12088e+13
0.530673 3.11703e+13
0.530936 3.11317e+13
0.5312 3.10931e+13
0.531463 3.10545e+13
0.531727 3.10158e+13
0.531992 3.0977e+13
0.532256 3.09383e+13
0.532521 3.08994e+13
0.532786 3.08606e+13
0.533052 3.08217e+13
0.533317 3.07827e+13
0.533583 3.07437e+13
0.533849 3.07047e+13
0.534116 3.06656e+13
0.534383 3.06265e+13
0.53465 3.05874e+13
0.534917 3.05482e+13
0.535184 3.0509e+13
0.535452 3.04698e+13
0.53572 3.04305e+13
0.535988 3.03912e+13
0.536257 3.03518e+13
0.536526 3.03124e+13
0.536794 3.0273e+13
0.537064 3.02335e+13
0.537333 3.01941e+13
0.537602 3.01546e+13
0.537872 3.0115e+13
0.538142 3.00755e+13
0.538412 3.00359e+13
0.538682 2.99962e+13
0.538953 2.99566e+13
0.539224 2.99169e+13
0.539495 2.98772e+13
0.539766 2.98375e+13
0.540037 2.97977e+13
0.540308 2.97579e+13
0.54058 2.97181e+13
0.540852 2.96783e+13
0.541124 2.96384e+13
0.541396 2.95985e+13
0.541668 2.95586e+13
0.54194 2.95187e+13
0.542213 2.94787e+13
0.542486 2.94387e+13
0.542758 2.93987e+13
0.543031 2.93587e+13
0.543304 2.93187e+13
0.543578 2.92787e+13
0.543851 2.92386e+13
0.544125 2.91985e+13
0.544398 2.91584e+13
0.544672 2.91183e+13
0.544946 2.90781e+13
0.54522 2.9038e+13
0.545247 2.90339e+13
0.545384 2.90139e+13
0.545411 2.90098e+13
0.545425 2.90078e+13
0.545432 2.90068e+13
0.545435 2.90063e+13
0.545453 2.90038e+13
0.545454 2.90037e+13
0.545454 2.90036e+13
0.545454 2.90036e+13
0.545454 2.90036e+13
0.545454 2.90036e+13
0.545454 2.90036e+13
0.545454 2.90035e+13
0.545455 2.90035e+13
0.545455 2.90035e+13
0.545455 2.90035e+13
0.545455 2.90035e+13
0.545455 2.90035e+13
0.545455 2.90035e+13
0.545455 2.90035e+13
0.545455 2.90035e+13
0.545455 2.90035e+13
0.545455 2.90035e+13
0.545455 2.90035e+13
0.545455 2.90035e+13
0.545455 2.90035e+13
0.545455 2.90035e+13
0.545455 2.90035e+13
0.545455 2.90035e+13
0.545455 2.90035e+13
0.545455 2.90035e+13
0.545455 2.90035e+13
0.545455 2.90035e+13
0.545455 2.90035e+13
0.545455 2.90035e+13
0.545455 2.90035e+13
0.545455 2.90035e+13
0.545455 2.90035e+13
0.545455 2.90035e+13
0.545455 2.90035e+13
0.545455 2.90035e+13
0.545455 2.90035e+13
0.545455 2.90035e+13
0.545457 2.90033e+13
0.545466 2.90023e+13
0.545513 2.89973e+13
0.545747 2.89725e+13
0.546121 2.8933e+13
0.546494 2.88935e+13
0.546868 2.8854e+13
0.547241 2.88144e+13
0.547615 2.87749e+13
0.547989 2.87353e+13
0.548363 2.86957e+13
0.548738 2.86561e+13
0.549112 2.86164e+13
0.549486 2.85768e+13
0.549861 2.85372e+13
0.550236 2.84975e+13
0.55061 2.84579e+13
0.550985 2.84182e+13
0.55136 2.83785e+13
0.551735 2.83388e+13
0.55211 2.82991e+13
0.552485 2.82594e+13
0.552861 2.82197e+13
0.553236 2.818e+13
0.553612 2.81402e+13
0.553987 2.81005e+13
0.554363 2.80607e+13
0.554738 2.8021e+13
0.555114 2.79812e+13
0.55549 2.79414e+13
0.555866 2.79016e+13
0.556242 2.78619e+13
0.556618 2.78221e+13
0.556994 2.77823e+13
0.55737 2.77425e+13
0.557746 2.77027e+13
0.558122 2.76629e+13
0.558498 2.76231e+13
0.558874 2.75832e+13
0.559251 2.75434e+13
0.559627 2.75036e+13
0.560003 2.74638e+13
0.56038 2.74239e+13
0.560417 2.742e+13
0.560605 2.74e+13
0.560606 2.74e+13
0.560606 2.74e+13
0.560606 2.74e+13
0.560606 2.74e+13
0.560606 2.74e+13
0.560606 2.74e+13
0.560606 2.74e+13
0.560606 2.74e+13
0.560606 2.74e+13
0.560606 2.74e+13
0.560606 2.74e+13
0.560606 2.74e+13
0.560606 2.74e+13
0.560606 2.74e+13
0.560606 2.74e+13
0.560606 2.74e+13
0.560606 2.74e+13
0.560606 2.74e+13
0.560606 2.74e+13
0.560606 2.74e+13
0.560606 2.74e+13
0.560606 2.74e+13
0.560606 2.74e+13
0.560606 2.74e+13
0.560606 2.74e+13
0.560606 2.74e+13
0.560606 2.74e+13
0.560606 2.74e+13
0.560606 2.74e+13
0.560606 2.74e+13
0.560606 2.73999e+13
0.560608 2.73998e+13
0.560615 2.73992e+13
0.560649 2.73959e+13
0.560821 2.73797e+13
0.561241 2.73404e+13
0.561662 2.73009e+13
0.562083 2.72613e+13
0.562503 2.72218e+13
0.562924 2.71823e+13
0.563345 2.71428e+13
0.563766 2.71033e+13
0.564187 2.70638e+13
0.564608 2.70242e+13
0.565029 2.69847e+13
0.56545 2.69452e+13
0.565871 2.69057e+13
0.566291 2.68662e+13
0.566712 2.68267e+13
0.567133 2.67871e+13
0.567554 2.67476e+13
0.567975 2.67081e+13
0.568396 2.66686e+13
0.568816 2.66291e+13
0.569237 2.65896e+13
0.569658 2.65501e+13
0.570079 2.65106e+13
0.570499 2.64711e+13
0.57092 2.64316e+13
0.571341 2.63921e+13
0.571761 2.63526e+13
0.572182 2.63132e+13
0.572602 2.62737e+13
0.573022 2.62342e+13
0.573443 2.61948e+13
0.573863 2.61553e+13
0.574283 2.61158e+13
0.574703 2.60764e+13
0.575123 2.6037e+13
0.575544 2.59975e+13
0.575963 2.59581e+13
0.576383 2.59187e+13
0.576803 2.58792e+13
0.577223 2.58398e+13
0.577643 2.58004e+13
0.578062 2.57611e+13
0.578482 2.57217e+13
0.578901 2.56823e+13
0.57932 2.56429e+13
0.57974 2.56036e+13
0.580159 2.55642e+13
0.580578 2.55249e+13
0.580997 2.54855e+13
0.581416 2.54462e+13
0.581835 2.54069e+13
0.582253 2.53676e+13
0.582672 2.53283e+13
0.58309 2.5289e+13
0.583509 2.52497e+13
0.583927 2.52104e+13
0.584345 2.51711e+13
0.584763 2.51319e+13
0.585181 2.50927e+13
0.585599 2.50534e+13
0.586017 2.50142e+13
0.586434 2.4975e+13
0.586852 2.49358e+13
0.587269 2.48966e+13
0.587687 2.48574e+13
0.588104 2.48183e+13
0.588521 2.47791e+13
0.588938 2.474e+13
0.589355 2.47008e+13
0.589771 2.46617e+13
0.590188 2.46226e+13
0.590604 2.45835e+13
0.590646 2.45796e+13
0.590854 2.45601e+13
0.590895 2.45562e+13
0.590897 2.4556e+13
0.590908 2.4555e+13
0.590908 2.45549e+13
0.590909 2.45549e+13
0.590909 2.45549e+13
0.590909 2.45549e+13
0.590909 2.45549e+13
0.590909 2.45549e+13
0.590909 2.45549e+13
0.590909 2.45549e+13
0.590909 2.45549e+13
0.590909 2.45549e+13
0.590909 2.45549e+13
0.590909 2.45549e+13
0.590909 2.45549e+13
0.590909 2.45549e+13
0.590909 2.45549e+13
0.590909 2.45549e+13
0.590909 2.45549e+13
0.590909 2.45549e+13
0.590909 2.45549e+13
0.590909 2.45549e+13
0.590909 2.45549e+13
0.590909 2.45549e+13
0.590909 2.45549e+13
0.590909 2.45549e+13
0.590909 2.45549e+13
0.590909 2.45549e+13
0.590909 2.45549e+13
0.59091 2.45548e+13
0.590912 2.45546e+13
0.590923 2.45537e+13
0.590979 2.45489e+13
0.591261 2.45248e+13
0.591715 2.44861e+13
0.59217 2.44473e+13
0.592624 2.44086e+13
0.593077 2.43698e+13
0.593531 2.43311e+13
0.593985 2.42924e+13
0.594438 2.42537e+13
0.594891 2.4215e+13
0.595344 2.41764e+13
0.595797 2.41377e+13
0.59625 2.40991e+13
0.596703 2.40604e+13
0.597155 2.40218e+13
0.597607 2.39833e+13
0.598059 2.39447e+13
0.598511 2.39061e+13
0.598963 2.38676e+13
0.599414 2.3829e+13
0.599866 2.37905e+13
0.600317 2.3752e+13
0.600768 2.37135e+13
0.601219 2.3675e+13
0.601669 2.36366e+13
0.60212 2.35982e+13
0.60257 2.35597e+13
0.60302 2.35213e+13
0.60347 2.34829e+13
0.603919 2.34446e+13
0.604369 2.34062e+13
0.604818 2.33679e+13
0.605267 2.33296e+13
0.605716 2.32913e+13
0.605761 2.32874e+13
0.605985 2.32683e+13
0.60603 2.32644e+13
0.606052 2.32625e+13
0.606054 2.32624e+13
0.606059 2.3262e+13
0.606059 2.32619e+13
0.60606 2.32619e+13
0.60606 2.32619e+13
0.606061 2.32618e+13
0.606061 2.32618e+13
0.606061 2.32618e+13
0.606061 2.32618e+13
0.606061 2.32618e+13
0.606061 2.32618e+13
0.606061 2.32618e+13
0.606061 2.32618e+13
0.606061 2.32618e+13
0.606061 2.32618e+13
0.606061 2.32618e+13
0.606061 2.32618e+13
0.606061 2.32618e+13
0.606061 2.32618e+13
0.606061 2.32618e+13
0.606061 2.32618e+13
0.606061 2.32618e+13
0.606061 2.32618e+13
0.606061 2.32618e+13
0.606061 2.32618e+13
0.606061 2.32618e+13
0.606062 2.32617e+13
0.606067 2.32613e+13
0.606094 2.32591e+13
0.606227 2.32483e+13
0.606697 2.32101e+13
0.607166 2.31719e+13
0.607634 2.31339e+13
0.608102 2.30958e+13
0.60857 2.30577e+13
0.609038 2.30197e+13
0.609505 2.29817e+13
0.609972 2.29437e+13
0.610439 2.29057e+13
0.610906 2.28678e+13
0.611372 2.28299e+13
0.611839 2.27919e+13
0.612305 2.2754e+13
0.61277 2.27162e+13
0.613236 2.26783e+13
0.613701 2.26405e+13
0.614166 2.26026e+13
0.614631 2.25648e+13
0.615096 2.25271e+13
0.61556 2.24893e+13
0.616024 2.24516e+13
0.616488 2.24138e+13
0.616952 2.23761e+13
0.617415 2.23384e+13
0.617878 2.23008e+13
0.618341 2.22631e+13
0.618804 2.22255e+13
0.619266 2.21879e+13
0.619728 2.21503e+13
0.62019 2.21128e+13
0.620652 2.20752e+13
0.621113 2.20377e+13
0.621574 2.20002e+13
0.622035 2.19627e+13
0.622496 2.19253e+13
0.622956 2.18878e+13
0.623416 2.18504e+13
0.623876 2.18131e+13
0.624335 2.17757e+13
0.624794 2.17383e+13
0.625253 2.1701e+13
0.625712 2.16637e+13
0.626171 2.16264e+13
0.626629 2.15892e+13
0.627087 2.15519e+13
0.627544 2.15147e+13
0.628002 2.14775e+13
0.628459 2.14403e+13
0.628916 2.14032e+13
0.629372 2.13661e+13
0.629829 2.13289e+13
0.630285 2.12919e+13
0.63074 2.12548e+13
0.631196 2.12178e+13
0.631651 2.11808e+13
0.632106 2.11438e+13
0.63256 2.11068e+13
0.633015 2.10698e+13
0.633469 2.10329e+13
0.633922 2.0996e+13
0.634376 2.09591e+13
0.634829 2.09223e+13
0.635282 2.08855e+13
0.635734 2.08487e+13
0.636186 2.08119e+13
0.636638 2.07751e+13
0.63709 2.07384e+13
0.637542 2.07017e+13
0.637993 2.0665e+13
0.638444 2.06283e+13
0.638894 2.05917e+13
0.639344 2.05551e+13
0.639794 2.05185e+13
0.640244 2.04819e+13
0.640693 2.04454e+13
0.641142 2.04089e+13
0.641591 2.03724e+13
0.642039 2.03359e+13
0.642488 2.02995e+13
0.642935 2.0263e+13
0.643383 2.02266e+13
0.64383 2.01903e+13
0.644277 2.01539e+13
0.644724 2.01176e+13
0.64517 2.00813e+13
0.645616 2.00451e+13
0.646062 2.00088e+13
0.646507 1.99726e+13
0.646952 1.99364e+13
0.647397 1.99002e+13
0.647841 1.98641e+13
0.648285 1.9828e+13
0.648729 1.97919e+13
0.649172 1.97558e+13
0.649615 1.97198e+13
0.650058 1.96838e+13
0.650501 1.96478e+13
0.650943 1.96118e+13
0.651385 1.95759e+13
0.651826 1.954e+13
0.652268 1.95041e+13
0.652709 1.94683e+13
0.653149 1.94324e+13
0.653589 1.93966e+13
0.654029 1.93609e+13
0.654469 1.93251e+13
0.654908 1.92894e+13
0.655347 1.92537e+13
0.655786 1.9218e+13
0.656224 1.91824e+13
0.656662 1.91468e+13
0.657099 1.91112e+13
0.657537 1.90756e+13
0.657974 1.90401e+13
0.65841 1.90046e+13
0.658847 1.89691e+13
0.659283 1.89336e+13
0.659718 1.88982e+13
0.660154 1.88628e+13
0.660588 1.88274e+13
0.661023 1.87921e+13
0.661457 1.87568e+13
0.661891 1.87215e+13
0.662325 1.86862e+13
0.662758 1.8651e+13
0.663191 1.86158e+13
0.663624 1.85806e+13
0.664056 1.85454e+13
0.664488 1.85103e+13
0.66492 1.84752e+13
0.665351 1.84401e+13
0.665782 1.84051e+13
0.666213 1.83701e+13
0.666643 1.83351e+13
0.667073 1.83001e+13
0.667502 1.82652e+13
0.667932 1.82303e+13
0.66836 1.81954e+13
0.668789 1.81606e+13
0.669217 1.81257e+13
0.669645 1.80909e+13
0.670072 1.80562e+13
0.6705 1.80214e+13
0.670926 1.79867e+13
0.671353 1.79521e+13
0.671779 1.79174e+13
0.672204 1.78828e+13
0.67263 1.78482e+13
0.673055 1.78136e+13
0.67348 1.77791e+13
0.673904 1.77446e+13
0.674328 1.77101e+13
0.674751 1.76757e+13
0.675175 1.76412e+13
0.675598 1.76068e+13
0.67602 1.75725e+13
0.676442 1.75381e+13
0.676864 1.75038e+13
0.677286 1.74696e+13
0.677707 1.74353e+13
0.678128 1.74011e+13
0.678548 1.73669e+13
0.678968 1.73327e+13
0.679388 1.72986e+13
0.679807 1.72645e+13
0.680226 1.72304e+13
0.680645 1.71964e+13
0.681063 1.71624e+13
0.681481 1.71284e+13
0.681899 1.70944e+13
0.682316 1.70605e+13
0.682733 1.70266e+13
0.683149 1.69927e+13
0.683565 1.69589e+13
0.68398 1.69251e+13
0.684395 1.68914e+13
0.684809 1.68577e+13
0.685223 1.68241e+13
0.685636 1.67904e+13
0.686049 1.67569e+13
0.686461 1.67234e+13
0.686873 1.66899e+13
0.687284 1.66565e+13
0.687694 1.66231e+13
0.688104 1.65898e+13
0.688514 1.65565e+13
0.688923 1.65232e+13
0.689331 1.649e+13
0.689739 1.64568e+13
0.690146 1.64237e+13
0.690553 1.63907e+13
0.690959 1.63576e+13
0.691364 1.63246e+13
0.69177 1.62917e+13
0.692174 1.62588e+13
0.692578 1.62259e+13
0.692982 1.61931e+13
0.693385 1.61603e+13
0.693787 1.61276e+13
0.694189 1.60949e+13
0.69459 1.60623e+13
0.694991 1.60297e+13
0.695392 1.59971e+13
0.695791 1.59646e+13
0.696191 1.59321e+13
0.696589 1.58997e+13
0.696988 1.58673e+13
0.697385 1.5835e+13
0.697783 1.58027e+13
0.698179 1.57704e+13
0.698575 1.57382e+13
0.698971 1.57061e+13
0.699366 1.56739e+13
0.69976 1.56418e+13
0.700154 1.56098e+13
0.700548 1.55778e+13
0.700941 1.55458e+13
0.701333 1.55139e+13
0.701725 1.54821e+13
0.702116 1.54502e+13
0.702507 1.54185e+13
0.702898 1.53867e+13
0.703288 1.5355e+13
0.703677 1.53233e+13
0.704066 1.52917e+13
0.704454 1.52602e+13
0.704842 1.52286e+13
0.705229 1.51971e+13
0.705615 1.51657e+13
0.706002 1.51343e+13
0.706387 1.51029e+13
0.706772 1.50716e+13
0.707157 1.50403e+13
0.707541 1.50091e+13
0.707925 1.49779e+13
0.708308 1.49467e+13
0.70869 1.49156e+13
0.709072 1.48846e+13
0.709454 1.48535e+13
0.709835 1.48226e+13
0.710215 1.47916e+13
0.710595 1.47607e+13
0.710975 1.47298e+13
0.711354 1.4699e+13
0.711732 1.46682e+13
0.71211 1.46375e+13
0.712488 1.46068e+13
0.712865 1.45762e+13
0.713241 1.45455e+13
0.713617 1.4515e+13
0.713992 1.44844e+13
0.714367 1.4454e+13
0.714742 1.44235e+13
0.715116 1.43931e+13
0.715489 1.43627e+13
0.715862 1.43324e+13
0.716234 1.43021e+13
0.716606 1.42719e+13
0.716977 1.42417e+13
0.717348 1.42115e+13
0.717719 1.41814e+13
0.718088 1.41513e+13
0.718458 1.41213e+13
0.718827 1.40913e+13
0.719195 1.40614e+13
0.719563 1.40314e+13
0.71993 1.40016e+13
0.720297 1.39717e+13
0.720663 1.39419e+13
0.721029 1.39122e+13
0.721395 1.38825e+13
0.721759 1.38528e+13
0.722124 1.38232e+13
0.722488 1.37936e+13
0.722851 1.3764e+13
0.723214 1.37345e+13
0.723576 1.3705e+13
0.723938 1.36756e+13
0.7243 1.36462e+13
0.724661 1.36169e+13
0.725021 1.35876e+13
0.725381 1.35583e+13
0.72574 1.35291e+13
0.726099 1.34999e+13
0.726458 1.34707e+13
0.726815 1.34416e+13
0.727173 1.34126e+13
0.72753 1.33835e+13
0.727886 1.33545e+13
0.728242 1.33256e+13
0.728598 1.32967e+13
0.728953 1.32678e+13
0.729307 1.3239e+13
0.729661 1.32102e+13
0.730015 1.31814e+13
0.730368 1.31527e+13
0.730721 1.31241e+13
0.731073 1.30954e+13
0.731424 1.30668e+13
0.731775 1.30383e+13
0.732126 1.30098e+13
0.732476 1.29813e+13
0.732826 1.29529e+13
0.733175 1.29245e+13
0.733524 1.28961e+13
0.733872 1.28678e+13
0.73422 1.28395e+13
0.734567 1.28113e+13
0.734914 1.27831e+13
0.73526 1.27549e+13
0.735606 1.27268e+13
0.735951 1.26987e+13
0.736296 1.26706e+13
0.73664 1.26426e+13
0.736984 1.26147e+13
0.737328 1.25867e+13
0.737671 1.25588e+13
0.738013 1.2531e+13
0.738355 1.25032e+13
0.738697 1.24754e+13
0.739038 1.24477e+13
0.739379 1.242e+13
0.739719 1.23923e+13
0.740058 1.23647e+13
0.740397 1.23371e+13
0.740736 1.23096e+13
0.741074 1.2282e+13
0.741412 1.22546e+13
0.741749 1.22271e+13
0.742086 1.21998e+13
0.742423 1.21724e+13
0.742759 1.21451e+13
0.743094 1.21178e+13
0.743429 1.20906e+13
0.743763 1.20634e+13
0.744097 1.20362e+13
0.744431 1.20091e+13
0.744764 1.1982e+13
0.745097 1.19549e+13
0.745429 1.19279e+13
0.745761 1.1901e+13
0.746092 1.1874e+13
0.746423 1.18471e+13
0.746753 1.18203e+13
0.747083 1.17934e+13
0.747412 1.17666e+13
0.747741 1.17399e+13
0.748069 1.17132e+13
0.748397 1.16865e+13
0.748725 1.16599e+13
0.749052 1.16333e+13
0.749378 1.16067e+13
0.749705 1.15802e+13
0.75003 1.15537e+13
0.750355 1.15273e+13
0.75068 1.15009e+13
0.751005 1.14745e+13
0.751328 1.14482e+13
0.751652 1.14219e+13
0.751975 1.13956e+13
0.752297 1.13694e+13
0.752619 1.13432e+13
0.752941 1.1317e+13
0.753262 1.12909e+13
0.753583 1.12648e+13
0.753903 1.12388e+13
0.754223 1.12128e+13
0.754542 1.11868e+13
0.754861 1.11609e+13
0.755179 1.1135e+13
0.755497 1.11091e+13
0.755815 1.10833e+13
0.756132 1.10575e+13
0.756449 1.10318e+13
0.756765 1.1006e+13
0.757081 1.09804e+13
0.757396 1.09547e+13
0.757711 1.09291e+13
0.758025 1.09036e+13
0.758339 1.0878e+13
0.758652 1.08525e+13
0.758965 1.08271e+13
0.759278 1.08017e+13
0.75959 1.07763e+13
0.759902 1.07509e+13
0.760213 1.07256e+13
0.760524 1.07003e+13
0.760834 1.06751e+13
0.761144 1.06499e+13
0.761454 1.06247e+13
0.761763 1.05996e+13
0.762071 1.05745e+13
0.76238 1.05494e+13
0.762687 1.05244e+13
0.762995 1.04994e+13
0.763301 1.04745e+13
0.763608 1.04495e+13
0.763914 1.04247e+13
0.764219 1.03998e+13
0.764524 1.0375e+13
0.764829 1.03502e+13
0.765133 1.03255e+13
0.765437 1.03008e+13
0.76574 1.02761e+13
0.766043 1.02515e+13
0.766346 1.02269e+13
0.766648 1.02023e+13
0.766949 1.01778e+13
0.767251 1.01533e+13
0.767551 1.01289e+13
0.767852 1.01044e+13
0.768151 1.008e+13
0.768451 1.00557e+13
0.76875 1.00314e+13
0.769048 1.00071e+13
0.769347 9.98285e+12
0.769644 9.95864e+12
0.769942 9.93446e+12
0.770238 9.91032e+12
0.770535 9.88622e+12
0.770831 9.86214e+12
0.771126 9.83811e+12
0.771422 9.81411e+12
0.771716 9.79014e+12
0.772011 9.76621e+12
0.772304 9.74231e+12
0.772598 9.71845e+12
0.772891 9.69462e+12
0.773183 9.67083e+12
0.773476 9.64707e+12
0.773767 9.62334e+12
0.774059 9.59965e+12
0.77435 9.57599e+12
0.77464 9.55236e+12
0.77493 9.52878e+12
0.77522 9.50523e+12
0.775509 9.48171e+12
0.775798 9.45822e+12
0.776086 9.43478e+12
0.776374 9.41136e+12
0.776661 9.38798e+12
0.776949 9.36464e+12
0.777235 9.34133e+12
0.777521 9.31805e+12
0.777807 9.29481e+12
0.778093 9.2716e+12
0.778378 9.24842e+12
0.778662 9.22528e+12
0.778946 9.20217e+12
0.77923 9.17909e+12
0.779513 9.15605e+12
0.779796 9.13305e+12
0.780079 9.11007e+12
0.780361 9.08713e+12
0.780643 9.06423e+12
0.780924 9.04136e+12
0.781205 9.01852e+12
0.781485 8.99572e+12
0.781765 8.97295e+12
0.782045 8.95021e+12
0.782324 8.9275e+12
0.782603 8.90482e+12
0.782881 8.88219e+12
0.783159 8.85959e+12
0.783436 8.83702e+12
0.783714 8.81448e+12
0.78399 8.79198e+12
0.784267 8.76951e+12
0.784543 8.74706e+12
0.784818 8.72465e+12
0.785093 8.70228e+12
0.785368 8.67995e+12
0.785642 8.65764e+12
0.785916 8.63537e+12
0.786189 8.61313e+12
0.786463 8.59093e+12
0.786735 8.56875e+12
0.787007 8.54661e+12
0.787279 8.52451e+12
0.787551 8.50243e+12
0.787822 8.48039e+12
0.788092 8.45838e+12
0.788363 8.4364e+12
0.788633 8.41446e+12
0.788902 8.39255e+12
0.789171 8.37067e+12
0.78944 8.34882e+12
0.789708 8.32701e+12
0.789976 8.30523e+12
0.790243 8.28348e+12
0.79051 8.26177e+12
0.790777 8.24009e+12
0.791043 8.21844e+12
0.791309 8.19683e+12
0.791574 8.17524e+12
0.791839 8.15369e+12
0.792104 8.13217e+12
0.792368 8.11068e+12
0.792632 8.08922e+12
0.792895 8.06781e+12
0.793158 8.04641e+12
0.793421 8.02505e+12
0.793683 8.00372e+12
0.793945 7.98243e+12
0.794207 7.96116e+12
0.794468 7.93993e+12
0.794728 7.91873e+12
0.794989 7.89756e+12
0.795248 7.87643e+12
0.795508 7.85533e+12
0.795767 7.83425e+12
0.796026 7.81322e+12
0.796284 7.79221e+12
0.796542 7.77124e+12
0.796799 7.7503e+12
0.797057 7.72939e+12
0.797313 7.70852e+12
0.797569 7.68768e+12
0.797825 7.66686e+12
0.798081 7.64608e+12
0.798336 7.62533e+12
0.798591 7.6046e+12
0.798845 7.58392e+12
0.799099 7.56326e+12
0.799353 7.54264e+12
0.799606 7.52204e+12
0.799859 7.50148e+12
0.800111 7.48095e+12
0.800364 7.46045e+12
0.800615 7.43999e+12
0.800867 7.41955e+12
0.801117 7.39914e+12
0.801368 7.37876e+12
0.801618 7.35842e+12
0.801868 7.33811e+12
0.802117 7.31782e+12
0.802366 7.29757e+12
0.802615 7.27735e+12
0.802863 7.25717e+12
0.803111 7.23701e+12
0.803359 7.21688e+12
0.803606 7.19679e+12
0.803852 7.17673e+12
0.804099 7.1567e+12
0.804345 7.1367e+12
0.80459 7.11673e+12
0.804835 7.09679e+12
0.80508 7.07689e+12
0.805324 7.05701e+12
0.805569 7.03716e+12
0.805812 7.01734e+12
0.806056 6.99755e+12
0.806299 6.9778e+12
0.806541 6.95807e+12
0.806783 6.93837e+12
0.807025 6.91871e+12
0.807266 6.89908e+12
0.807508 6.87948e+12
0.807748 6.8599e+12
0.807989 6.84036e+12
0.808228 6.82084e+12
0.808468 6.80136e+12
0.808707 6.78191e+12
0.808946 6.76249e+12
0.809184 6.74311e+12
0.809422 6.72375e+12
0.80966 6.70443e+12
0.809897 6.68514e+12
0.810134 6.66588e+12
0.810371 6.64664e+12
0.810607 6.62744e+12
0.810842 6.60828e+12
0.811078 6.58913e+12
0.811313 6.57001e+12
0.811548 6.55092e+12
0.811782 6.53187e+12
0.812016 6.51285e+12
0.812249 6.49386e+12
0.812483 6.47489e+12
0.812715 6.45596e+12
0.812948 6.43706e+12
0.81318 6.41819e+12
0.813412 6.39934e+12
0.813643 6.38052e+12
0.813874 6.36174e+12
0.814105 6.34299e+12
0.814335 6.32427e+12
0.814565 6.30557e+12
0.814794 6.28691e+12
0.815023 6.26827e+12
0.815252 6.24966e+12
0.815481 6.23108e+12
0.815709 6.21254e+12
0.815936 6.19402e+12
0.816164 6.17553e+12
0.816391 6.15708e+12
0.816617 6.13865e+12
0.816843 6.12026e+12
0.817069 6.10189e+12
0.817295 6.08355e+12
0.81752 6.06525e+12
0.817745 6.04697e+12
0.817969 6.02872e+12
0.818193 6.01049e+12
0.818417 5.99231e+12
0.81864 5.97414e+12
0.818863 5.95601e+12
0.819086 5.93791e+12
0.819308 5.91985e+12
0.81953 5.90181e+12
0.819751 5.8838e+12
0.819972 5.86581e+12
0.820193 5.84786e+12
0.820413 5.82993e+12
0.820633 5.81204e+12
0.820853 5.79418e+12
0.821072 5.77634e+12
0.821291 5.75853e+12
0.82151 5.74074e+12
0.821728 5.72298e+12
0.821946 5.70527e+12
0.822164 5.68758e+12
0.822381 5.66991e+12
0.822598 5.65228e+12
0.822814 5.63467e+12
0.82303 5.6171e+12
0.823246 5.59956e+12
0.823462 5.58204e+12
0.823677 5.56455e+12
0.823891 5.54708e+12
0.824106 5.52965e+12
0.82432 5.51225e+12
0.824533 5.49488e+12
0.824747 5.47754e+12
0.82496 5.46022e+12
0.825172 5.44293e+12
0.825384 5.42567e+12
0.825596 5.40844e+12
0.825808 5.39124e+12
0.826019 5.37407e+12
0.82623 5.35692e+12
0.82644 5.33981e+12
0.82665 5.32273e+12
0.82686 5.30567e+12
0.827069 5.28864e+12
0.827278 5.27164e+12
0.827487 5.25467e+12
0.827696 5.23772e+12
0.827903 5.22081e+12
0.828111 5.20391e+12
0.828319 5.18705e+12
0.828525 5.17022e+12
0.828732 5.15342e+12
0.828938 5.13665e+12
0.829144 5.11991e+12
0.82935 5.10319e+12
0.829555 5.08649e+12
0.82976 5.06983e+12
0.829965 5.05319e+12
0.830169 5.03658e+12
0.830373 5.02001e+12
0.830576 5.00347e+12
0.830779 4.98695e+12
0.830982 4.97046e+12
0.831184 4.954e+12
0.831386 4.93756e+12
0.831588 4.92115e+12
0.83179 4.90477e+12
0.831991 4.88842e+12
0.832191 4.87209e+12
0.832392 4.8558e+12
0.832592 4.83953e+12
0.832792 4.82329e+12
0.832991 4.80707e+12
0.83319 4.7909e+12
0.833388 4.77475e+12
0.833587 4.75862e+12
0.833785 4.74252e+12
0.833982 4.72644e+12
0.83418 4.7104e+12
0.834377 4.69438e+12
0.834573 4.6784e+12
0.834769 4.66245e+12
0.834965 4.64652e+12
0.835161 4.63061e+12
0.835356 4.61474e+12
0.835551 4.59889e+12
0.835746 4.58306e+12
0.83594 4.56727e+12
0.836134 4.55151e+12
0.836327 4.53577e+12
0.83652 4.52007e+12
0.836713 4.50439e+12
0.836905 4.48873e+12
0.837098 4.47311e+12
0.83729 4.4575e+12
0.837481 4.44193e+12
0.837672 4.42638e+12
0.837863 4.41086e+12
0.838053 4.39538e+12
0.838244 4.37991e+12
0.838433 4.36448e+12
0.838623 4.34907e+12
0.838812 4.33368e+12
0.839001 4.31833e+12
0.839189 4.30301e+12
0.839377 4.28771e+12
0.839565 4.27244e+12
0.839753 4.2572e+12
0.83994 4.24198e+12
0.840126 4.2268e+12
0.840313 4.21164e+12
0.840499 4.19652e+12
0.840684 4.18141e+12
0.84087 4.16633e+12
0.841055 4.15128e+12
0.84124 4.13625e+12
0.841424 4.12126e+12
0.841608 4.1063e+12
0.841792 4.09135e+12
0.841975 4.07644e+12
0.842158 4.06156e+12
0.842341 4.0467e+12
0.842523 4.03186e+12
0.842705 4.01706e+12
0.842887 4.00226e+12
0.843069 3.98752e+12
0.84325 3.97279e+12
0.843431 3.95809e+12
0.843611 3.94342e+12
0.843791 3.92877e+12
0.843971 3.91414e+12
0.84415 3.89956e+12
0.844329 3.88499e+12
0.844508 3.87045e+12
0.844687 3.85594e+12
0.844865 3.84146e+12
0.845042 3.82701e+12
0.84522 3.81258e+12
0.845397 3.79817e+12
0.845574 3.7838e+12
0.84575 3.76946e+12
0.845926 3.75513e+12
0.846102 3.74084e+12
0.846277 3.72658e+12
0.846452 3.71234e+12
0.846627 3.69813e+12
0.846802 3.68394e+12
0.846976 3.66978e+12
0.84715 3.65564e+12
0.847323 3.64153e+12
0.847496 3.62746e+12
0.847669 3.6134e+12
0.847842 3.59937e+12
0.848014 3.58538e+12
0.848185 3.5714e+12
0.848357 3.55746e+12
0.848528 3.54355e+12
0.848699 3.52965e+12
0.848869 3.51578e+12
0.84904 3.50194e+12
0.84921 3.48813e+12
0.849379 3.47435e+12
0.849548 3.4606e+12
0.849717 3.44686e+12
0.849886 3.43315e+12
0.850054 3.41948e+12
0.850222 3.40582e+12
0.850389 3.39219e+12
0.850556 3.3786e+12
0.850723 3.36504e+12
0.85089 3.35149e+12
0.851056 3.33797e+12
0.851222 3.32448e+12
0.851387 3.31101e+12
0.851553 3.29757e+12
0.851718 3.28415e+12
0.851882 3.27078e+12
0.852046 3.25742e+12
0.85221 3.2441e+12
0.852374 3.23079e+12
0.852537 3.21751e+12
0.8527 3.20426e+12
0.852863 3.19102e+12
0.853025 3.17782e+12
0.853187 3.16465e+12
0.853349 3.1515e+12
0.85351 3.13837e+12
0.853671 3.12528e+12
0.853832 3.11222e+12
0.853992 3.09917e+12
0.854152 3.08616e+12
0.854312 3.07317e+12
0.854472 3.0602e+12
0.854631 3.04726e+12
0.854789 3.03435e+12
0.854948 3.02146e+12
0.855106 3.00861e+12
0.855264 2.99577e+12
0.855421 2.98297e+12
0.855578 2.97018e+12
0.855735 2.95743e+12
0.855892 2.9447e+12
0.856048 2.932e+12
0.856204 2.91932e+12
0.856359 2.90668e+12
0.856515 2.89406e+12
0.856669 2.88147e+12
0.856824 2.86888e+12
0.856978 2.85634e+12
0.857132 2.84382e+12
0.857286 2.83132e+12
0.857439 2.81885e+12
0.857592 2.80641e+12
0.857745 2.794e+12
0.857897 2.78161e+12
0.858049 2.76926e+12
0.858201 2.75692e+12
0.858352 2.7446e+12
0.858503 2.73233e+12
0.858654 2.72008e+12
0.858804 2.70785e+12
0.858954 2.69564e+12
0.859104 2.68347e+12
0.859254 2.67131e+12
0.859403 2.65919e+12
0.859551 2.64709e+12
0.8597 2.63502e+12
0.859848 2.62296e+12
0.859996 2.61094e+12
0.860143 2.59895e+12
0.86029 2.58698e+12
0.860437 2.57504e+12
0.860584 2.56312e+12
0.86073 2.55124e+12
0.860876 2.53938e+12
0.861021 2.52755e+12
0.861166 2.51575e+12
0.861311 2.50396e+12
0.861456 2.4922e+12
0.8616 2.48047e+12
0.861744 2.46876e+12
0.861888 2.45707e+12
0.862031 2.44541e+12
0.862174 2.43377e+12
0.862317 2.42217e+12
0.86246 2.41058e+12
0.862602 2.39904e+12
0.862743 2.3875e+12
0.862885 2.37602e+12
0.863026 2.36455e+12
0.863166 2.3531e+12
0.863307 2.34167e+12
0.863447 2.33029e+12
0.863587 2.31892e+12
0.863726 2.30757e+12
0.863865 2.29625e+12
0.864004 2.28496e+12
0.864143 2.27369e+12
0.864281 2.26245e+12
0.864419 2.25123e+12
0.864557 2.24005e+12
0.864694 2.22889e+12
0.864831 2.21775e+12
0.864967 2.20664e+12
0.865104 2.19555e+12
0.86524 2.18449e+12
0.865376 2.17345e+12
0.865511 2.16244e+12
0.865646 2.15147e+12
0.865781 2.14051e+12
0.865915 2.12958e+12
0.866049 2.11868e+12
0.866183 2.1078e+12
0.866316 2.09695e+12
0.866449 2.08613e+12
0.866582 2.07534e+12
0.866714 2.06457e+12
0.866847 2.05382e+12
0.866978 2.04311e+12
0.86711 2.03241e+12
0.867241 2.02173e+12
0.867372 2.01109e+12
0.867503 2.00047e+12
0.867633 1.98988e+12
0.867763 1.97932e+12
0.867892 1.96879e+12
0.868022 1.95827e+12
0.868151 1.94778e+12
0.868279 1.93733e+12
0.868407 1.92689e+12
0.868535 1.91649e+12
0.868663 1.90612e+12
0.86879 1.89577e+12
0.868917 1.88544e+12
0.869044 1.87514e+12
0.86917 1.86487e+12
0.869296 1.85462e+12
0.869422 1.8444e+12
0.869547 1.8342e+12
0.869672 1.82402e+12
0.869797 1.81387e+12
0.869922 1.80376e+12
0.870046 1.79366e+12
0.870169 1.7836e+12
0.870293 1.77355e+12
0.870416 1.76354e+12
0.870539 1.75355e+12
0.870661 1.74359e+12
0.870784 1.73365e+12
0.870905 1.72374e+12
0.871027 1.71385e+12
0.871148 1.704e+12
0.871269 1.69416e+12
0.87139 1.68435e+12
0.87151 1.67456e+12
0.87163 1.6648e+12
0.87175 1.65508e+12
0.871869 1.64537e+12
0.871988 1.63569e+12
0.872107 1.62605e+12
0.872225 1.61643e+12
0.872343 1.60683e+12
0.872461 1.59727e+12
0.872578 1.58773e+12
0.872695 1.5782e+12
0.872812 1.56872e+12
0.872928 1.55926e+12
0.873044 1.54982e+12
0.87316 1.54041e+12
0.873275 1.53103e+12
0.87339 1.52168e+12
0.873505 1.51234e+12
0.873619 1.50304e+12
0.873733 1.49375e+12
0.873847 1.4845e+12
0.873961 1.47527e+12
0.874074 1.46608e+12
0.874186 1.45692e+12
0.874299 1.44778e+12
0.874411 1.43866e+12
0.874523 1.42957e+12
0.874634 1.42051e+12
0.874745 1.41146e+12
0.874856 1.40245e+12
0.874967 1.39347e+12
0.875077 1.38451e+12
0.875187 1.37556e+12
0.875296 1.36666e+12
0.875405 1.35778e+12
0.875514 1.34894e+12
0.875623 1.34011e+12
0.875731 1.33131e+12
0.875839 1.32255e+12
0.875946 1.3138e+12
0.876054 1.30508e+12
0.87616 1.29639e+12
0.876267 1.28772e+12
0.876373 1.27909e+12
0.876479 1.27048e+12
0.876585 1.26189e+12
0.87669 1.25332e+12
0.876795 1.24479e+12
0.8769 1.23628e+12
0.877004 1.22779e+12
0.877108 1.21935e+12
0.877211 1.21093e+12
0.877314 1.20254e+12
0.877417 1.19417e+12
0.87752 1.18582e+12
0.877622 1.17751e+12
0.877724 1.16922e+12
0.877826 1.16096e+12
0.877927 1.15273e+12
0.878028 1.14454e+12
0.878128 1.13634e+12
0.878229 1.12818e+12
0.878329 1.12006e+12
0.878428 1.11196e+12
0.878527 1.1039e+12
0.878626 1.09584e+12
0.878725 1.08783e+12
0.878735 1.08703e+12
0.878779 1.08341e+12
0.87878 1.08333e+12
0.878785 1.08293e+12
0.878788 1.08274e+12
0.878788 1.08273e+12
0.878788 1.08272e+12
0.878788 1.08272e+12
0.878788 1.08272e+12
0.878788 1.08272e+12
0.878788 1.08271e+12
0.878788 1.08271e+12
0.878788 1.08271e+12
0.878788 1.08271e+12
0.878788 1.08271e+12
0.878788 1.08271e+12
0.878788 1.08271e+12
0.878788 1.08271e+12
0.878788 1.08271e+12
0.878788 1.08271e+12
0.878788 1.08271e+12
0.878788 1.08271e+12
0.878788 1.08271e+12
0.878788 1.08271e+12
0.878788 1.08271e+12
0.878788 1.08271e+12
0.878788 1.0827e+12
0.878789 1.08263e+12
0.878793 1.08232e+12
0.878815 1.08076e+12
0.878905 1.07436e+12
0.879009 1.06689e+12
0.879113 1.05946e+12
0.879217 1.05205e+12
0.87932 1.04468e+12
0.879423 1.03732e+12
0.879526 1.02999e+12
0.879628 1.02266e+12
0.87973 1.01539e+12
0.879832 1.00813e+12
0.879933 1.0009e+12
0.880034 9.93684e+11
0.880134 9.86504e+11
0.880235 9.79336e+11
0.880334 9.72205e+11
0.880434 9.65091e+11
0.880533 9.58002e+11
0.880632 9.50936e+11
0.880731 9.43895e+11
0.880829 9.36895e+11
0.880926 9.29913e+11
0.881024 9.2295e+11
0.881121 9.16003e+11
0.881218 9.09089e+11
0.881314 9.02194e+11
0.88141 8.95329e+11
0.881506 8.8848e+11
0.881601 8.81659e+11
0.881696 8.74879e+11
0.881791 8.68104e+11
0.881886 8.61363e+11
0.88198 8.54646e+11
0.882073 8.47954e+11
0.882166 8.4129e+11
0.882259 8.34651e+11
0.882352 8.28044e+11
0.882444 8.21462e+11
0.882536 8.14888e+11
0.882627 8.08345e+11
0.882719 8.01821e+11
0.88281 7.9532e+11
0.8829 7.88868e+11
0.88299 7.82427e+11
0.88308 7.76012e+11
0.883169 7.69616e+11
0.883259 7.63252e+11
0.883347 7.56916e+11
0.883436 7.50604e+11
0.883523 7.44321e+11
0.883611 7.38068e+11
0.883698 7.31825e+11
0.883785 7.25624e+11
0.883871 7.19462e+11
0.883958 7.13303e+11
0.884043 7.07178e+11
0.884129 7.01067e+11
0.884214 6.94978e+11
0.884299 6.88921e+11
0.884383 6.82894e+11
0.884467 6.76884e+11
0.884551 6.70921e+11
0.884634 6.64968e+11
0.884717 6.5904e+11
0.8848 6.53136e+11
0.884882 6.47276e+11
0.884963 6.41425e+11
0.885045 6.35596e+11
0.885126 6.29796e+11
0.885207 6.24028e+11
0.885287 6.18288e+11
0.885367 6.12567e+11
0.885447 6.06888e+11
0.885526 6.01224e+11
0.885605 5.95597e+11
0.885683 5.8999e+11
0.885761 5.84401e+11
0.885839 5.78839e+11
0.885917 5.73317e+11
0.885994 5.67813e+11
0.88607 5.62331e+11
0.886146 5.56887e+11
0.886222 5.51474e+11
0.886298 5.4609e+11
0.886373 5.40717e+11
0.886447 5.35382e+11
0.886522 5.3008e+11
0.886596 5.24795e+11
0.886669 5.19549e+11
0.886742 5.14318e+11
0.886815 5.09111e+11
0.886887 5.03943e+11
0.886959 4.98803e+11
0.887031 4.93695e+11
0.887102 4.88595e+11
0.887173 4.83533e+11
0.887243 4.78515e+11
0.887313 4.73505e+11
0.887383 4.68544e+11
0.887452 4.63607e+11
0.887521 4.58692e+11
0.887589 4.53804e+11
0.887657 4.48932e+11
0.887725 4.44112e+11
0.887792 4.3931e+11
0.887859 4.34542e+11
0.887925 4.29787e+11
0.887991 4.25076e+11
0.888057 4.20381e+11
0.888122 4.15712e+11
0.888187 4.11079e+11
0.888251 4.06472e+11
0.888315 4.01905e+11
0.888379 3.97372e+11
0.888442 3.92871e+11
0.888505 3.88387e+11
0.888567 3.83932e+11
0.888629 3.79501e+11
0.88869 3.75098e+11
0.888752 3.70734e+11
0.888812 3.66395e+11
0.888872 3.62103e+11
0.888932 3.57822e+11
0.888992 3.53582e+11
0.889051 3.49371e+11
0.889109 3.45181e+11
0.889167 3.41027e+11
0.889225 3.36906e+11
0.889282 3.32818e+11
0.889339 3.28758e+11
0.889395 3.24726e+11
0.889451 3.20725e+11
0.889507 3.16748e+11
0.889562 3.12798e+11
0.889617 3.08885e+11
0.889671 3.05003e+11
0.889725 3.01154e+11
0.889779 2.97338e+11
0.889832 2.93542e+11
0.889884 2.89782e+11
0.889937 2.86046e+11
0.889989 2.82332e+11
0.89004 2.78652e+11
0.890091 2.75008e+11
0.890142 2.71397e+11
0.890192 2.67827e+11
0.890241 2.64285e+11
0.89029 2.6077e+11
0.890339 2.57276e+11
0.890388 2.53818e+11
0.890436 2.50391e+11
0.890483 2.47003e+11
0.89053 2.43644e+11
0.890577 2.40306e+11
0.890623 2.36991e+11
0.890669 2.33721e+11
0.890715 2.30467e+11
0.89076 2.27246e+11
0.890804 2.24059e+11
0.890848 2.20907e+11
0.890892 2.17784e+11
0.890935 2.14692e+11
0.890978 2.11623e+11
0.891021 2.08588e+11
0.891063 2.05582e+11
0.891104 2.02607e+11
0.891146 1.99658e+11
0.891186 1.96745e+11
0.891227 1.93856e+11
0.891267 1.91006e+11
0.891306 1.88186e+11
0.891345 1.85389e+11
0.891384 1.82627e+11
0.891422 1.79895e+11
0.89146 1.77193e+11
0.891497 1.74525e+11
0.891535 1.71864e+11
0.891571 1.69255e+11
0.891607 1.66667e+11
0.891643 1.64105e+11
0.891679 1.6157e+11
0.891714 1.59062e+11
0.891748 1.56585e+11
0.891783 1.54143e+11
0.891817 1.51712e+11
0.89185 1.49317e+11
0.891883 1.46952e+11
0.891916 1.44613e+11
0.891948 1.42306e+11
0.89198 1.40019e+11
0.892012 1.37765e+11
0.892043 1.35533e+11
0.892074 1.33339e+11
0.892104 1.31168e+11
0.892134 1.29027e+11