0.892101 1.31374e+11

0.892075 1.33259e+11
0.892046 1.35311e+11
0.892017 1.37361e+11
0.891988 1.39434e+11
0.891959 1.41537e+11
0.891929 1.43655e+11
0.8919 1.4579e+11
0.891869 1.47955e+11
0.891839 1.50136e+11
0.891808 1.52339e+11
0.891777 1.54558e+11
0.891746 1.56792e+11
0.891714 1.59048e+11
0.891682 1.61321e+11
0.89165 1.63617e+11
0.891618 1.65926e+11
0.891585 1.68252e+11
0.891552 1.70598e+11
0.891519 1.72963e+11
0.891486 1.75354e+11
0.891452 1.77758e+11
0.891418 1.80178e+11
0.891384 1.82623e+11
0.89135 1.85088e+11
0.891315 1.87564e+11
0.89128 1.9006e+11
0.891245 1.92582e+11
0.891209 1.95121e+11
0.891173 1.97676e+11
0.891137 2.00244e+11
0.891101 2.02833e+11
0.891065 2.0544e+11
0.891028 2.08072e+11
0.890991 2.10715e+11
0.890954 2.13371e+11
0.890916 2.16044e+11
0.890879 2.18746e+11
0.890841 2.21462e+11
0.890802 2.24199e+11
0.890764 2.26945e+11
0.890725 2.29713e+11
0.890686 2.32503e+11
0.890647 2.35292e+11
0.890608 2.38111e+11
0.890568 2.40951e+11
0.890528 2.43805e+11
0.890488 2.46671e+11
0.890447 2.49555e+11
0.890407 2.5245e+11
0.890366 2.55368e+11
0.890325 2.583e+11
0.890284 2.61257e+11
0.890242 2.64234e+11
0.8902 2.6722e+11
0.890158 2.70224e+11
0.890116 2.73257e+11
0.890073 2.76295e+11
0.89003 2.79348e+11
0.889988 2.82416e+11
0.889944 2.85503e+11
0.889901 2.88614e+11
0.889857 2.91733e+11
0.889813 2.94874e+11
0.889769 2.98017e+11
0.889725 3.0119e+11
0.88968 3.04378e+11
0.889635 3.0758e+11
0.88959 3.10802e+11
0.889545 3.14028e+11
0.8895 3.17284e+11
0.889454 3.20554e+11
0.889408 3.23828e+11
0.889362 3.27126e+11
0.889316 3.30428e+11
0.889269 3.33756e+11
0.889222 3.37096e+11
0.889175 3.40464e+11
0.889128 3.43834e+11
0.889081 3.47219e+11
0.889033 3.50618e+11
0.888985 3.54044e+11
0.888937 3.57486e+11
0.888889 3.60931e+11
0.88884 3.64398e+11
0.888792 3.67874e+11
0.888743 3.71371e+11
0.888693 3.74884e+11
0.888644 3.78422e+11
0.888594 3.81965e+11
0.888544 3.85534e+11
0.888494 3.89114e+11
0.888444 3.92703e+11
0.888394 3.96318e+11
0.888343 3.99935e+11
0.888292 4.03565e+11
0.888241 4.07218e+11
0.88819 4.10884e+11
0.888138 4.14559e+11
0.888087 4.18256e+11
0.888035 4.21961e+11
0.887982 4.2569e+11
0.88793 4.29426e+11
0.887878 4.33178e+11
0.887825 4.36949e+11
0.887772 4.4072e+11
0.887719 4.44522e+11
0.887666 4.48337e+11
0.887612 4.5215e+11
0.887558 4.55996e+11
0.887504 4.5985e+11
0.88745 4.63719e+11
0.887396 4.67596e+11
0.887341 4.71499e+11
0.887287 4.75419e+11
0.887232 4.79346e+11
0.887176 4.83289e+11
0.887121 4.87238e+11
0.887066 4.9121e+11
0.88701 4.95194e+11
0.886954 4.992e+11
0.886898 5.03216e+11
0.886841 5.07249e+11
0.886785 5.11291e+11
0.886728 5.15335e+11
0.886671 5.1941e+11
0.886614 5.23488e+11
0.886557 5.27576e+11
0.886499 5.3169e+11
0.886441 5.35825e+11
0.886383 5.3996e+11
0.886325 5.44121e+11
0.886267 5.48295e+11
0.886208 5.52483e+11
0.886149 5.56671e+11
0.886091 5.60882e+11
0.886032 5.65098e+11
0.885972 5.69329e+11
0.885913 5.73585e+11
0.885853 5.77854e+11
0.885793 5.82137e+11
0.885733 5.86439e+11
0.885673 5.90751e+11
0.885612 5.95075e+11
0.885551 5.99415e+11
0.88549 6.03761e+11
0.885429 6.08132e+11
0.885368 6.12503e+11
0.885307 6.16896e+11
0.885245 6.21292e+11
0.885183 6.25704e+11
0.885121 6.30138e+11
0.885059 6.34585e+11
0.884997 6.39049e+11
0.884934 6.43525e+11
0.884871 6.48015e+11
0.884808 6.5251e+11
0.884745 6.57023e+11
0.884682 6.6156e+11
0.884618 6.66104e+11
0.884554 6.70658e+11
0.88449 6.75229e+11
0.884426 6.7981e+11
0.884362 6.84406e+11
0.884297 6.89014e+11
0.884233 6.93637e+11
0.884168 6.98276e+11
0.884103 7.02919e+11
0.884038 7.07575e+11
0.883972 7.12249e+11
0.883907 7.16947e+11
0.883841 7.21643e+11
0.883775 7.26354e+11
0.883709 7.31072e+11
0.883643 7.35813e+11
0.883576 7.40573e+11
0.883509 7.45337e+11
0.883442 7.50112e+11
0.883375 7.54901e+11
0.883308 7.59708e+11
0.883241 7.64528e+11
0.883173 7.69367e+11
0.883105 7.74218e+11
0.883037 7.7908e+11
0.882969 7.83959e+11
0.8829 7.88845e+11
0.882832 7.93744e+11
0.882763 7.98656e+11
0.882694 8.03586e+11
0.882625 8.08511e+11
0.882556 8.1346e+11
0.882487 8.18415e+11
0.882417 8.23392e+11
0.882347 8.28388e+11
0.882277 8.3339e+11
0.882207 8.38403e+11
0.882137 8.43427e+11
0.882066 8.48476e+11
0.881995 8.53537e+11
0.881924 8.58602e+11
0.881853 8.63679e+11
0.881782 8.68776e+11
0.88171 8.73887e+11
0.881639 8.7901e+11
0.881567 8.8415e+11
0.881495 8.89298e+11
0.881422 8.94462e+11
0.88135 8.99636e+11
0.881277 9.04825e+11
0.881204 9.10028e+11
0.881132 9.15232e+11
0.881059 9.20457e+11
0.880985 9.25697e+11
0.880912 9.30953e+11
0.880838 9.3622e+11
0.880764 9.41505e+11
0.88069 9.46801e+11
0.880616 9.5211e+11
0.880541 9.57427e+11
0.880467 9.62742e+11
0.880392 9.68085e+11
0.880317 9.73437e+11
0.880242 9.78799e+11
0.880167 9.84181e+11
0.880091 9.89581e+11
0.880016 9.94986e+11
0.87994 1.00041e+12
0.879864 1.00584e+12
0.879787 1.01128e+12
0.879711 1.01675e+12
0.879634 1.02222e+12
0.879558 1.0277e+12
0.879481 1.03321e+12
0.879404 1.03872e+12
0.879326 1.04424e+12
0.879249 1.04978e+12
0.879171 1.05532e+12
0.879093 1.06089e+12
0.879015 1.06647e+12
0.878937 1.07205e+12
0.878859 1.07765e+12
0.878851 1.07821e+12
0.878812 1.08101e+12
0.878804 1.08157e+12
0.8788 1.08185e+12
0.878798 1.08199e+12
0.878788 1.08268e+12
0.878788 1.08269e+12
0.878788 1.0827e+12
0.878788 1.08271e+12
0.878788 1.08271e+12
0.878788 1.08271e+12
0.878788 1.08271e+12
0.878788 1.08271e+12
0.878788 1.08271e+12
0.878788 1.08271e+12
0.878788 1.08271e+12
0.878788 1.08271e+12
0.878788 1.08271e+12
0.878788 1.08271e+12
0.878788 1.08271e+12
0.878788 1.08271e+12
0.878788 1.08271e+12
0.878788 1.08271e+12
0.878788 1.08271e+12
0.878788 1.08271e+12
0.878788 1.08271e+12
0.878788 1.08272e+12
0.878788 1.08273e+12
0.878787 1.08282e+12
0.878781 1.08325e+12
0.878755 1.08535e+12
0.87868 1.09147e+12
0.878604 1.09767e+12
0.878527 1.10389e+12
0.878451 1.11012e+12
0.878374 1.11636e+12
0.878297 1.12262e+12
0.87822 1.1289e+12
0.878143 1.13518e+12
0.878065 1.14149e+12
0.877987 1.14781e+12
0.877909 1.15415e+12
0.877832 1.16049e+12
0.877753 1.16684e+12
0.877675 1.17323e+12
0.877596 1.17963e+12
0.877517 1.18603e+12
0.877438 1.19245e+12
0.877359 1.1989e+12
0.87728 1.20536e+12
0.8772 1.21183e+12
0.87712 1.21832e+12
0.877041 1.22481e+12
0.87696 1.23132e+12
0.87688 1.23786e+12
0.8768 1.24441e+12
0.876719 1.25097e+12
0.876638 1.25755e+12
0.876557 1.26414e+12
0.876476 1.27075e+12
0.876394 1.27738e+12
0.876312 1.28402e+12
0.876231 1.29068e+12
0.876149 1.29734e+12
0.876067 1.30402e+12
0.875984 1.31072e+12
0.875902 1.31743e+12
0.875819 1.32415e+12
0.875736 1.3309e+12
0.875653 1.33765e+12
0.87557 1.34443e+12
0.875486 1.35122e+12
0.875402 1.35804e+12
0.875319 1.36485e+12
0.875235 1.37169e+12
0.87515 1.37853e+12
0.875066 1.3854e+12
0.874981 1.39227e+12
0.874897 1.39916e+12
0.874812 1.40607e+12
0.874726 1.413e+12
0.874641 1.41994e+12
0.874556 1.42689e+12
0.87447 1.43387e+12
0.874384 1.44085e+12
0.874298 1.44785e+12
0.874212 1.45487e+12
0.874125 1.4619e+12
0.874038 1.46895e+12
0.873951 1.47603e+12
0.873864 1.48311e+12
0.873777 1.4902e+12
0.87369 1.49731e+12
0.873602 1.50443e+12
0.873514 1.51157e+12
0.873427 1.51871e+12
0.873338 1.52588e+12
0.87325 1.53306e+12
0.873162 1.54026e+12
0.873073 1.54747e+12
0.872984 1.5547e+12
0.872895 1.56194e+12
0.872806 1.56919e+12
0.872716 1.57646e+12
0.872627 1.58375e+12
0.872537 1.59105e+12
0.872447 1.59837e+12
0.872357 1.6057e+12
0.872267 1.61304e+12
0.872176 1.6204e+12
0.872085 1.62778e+12
0.871994 1.63518e+12
0.871903 1.64259e+12
0.871812 1.65e+12
0.871721 1.65744e+12
0.871629 1.66489e+12
0.871537 1.67236e+12
0.871445 1.67984e+12
0.871353 1.68734e+12
0.871261 1.69484e+12
0.871168 1.70237e+12
0.871075 1.70992e+12
0.870983 1.71746e+12
0.87089 1.72504e+12
0.870796 1.73262e+12
0.870703 1.74022e+12
0.870609 1.74783e+12
0.870515 1.75547e+12
0.870421 1.76312e+12
0.870327 1.77079e+12
0.870233 1.77846e+12
0.870138 1.78614e+12
0.870043 1.79385e+12
0.869948 1.80158e+12
0.869853 1.80931e+12
0.869758 1.81706e+12
0.869663 1.82482e+12
0.869567 1.83261e+12
0.869471 1.84041e+12
0.869375 1.84822e+12
0.869279 1.85603e+12
0.869182 1.86388e+12
0.869086 1.87173e+12
0.868989 1.8796e+12
0.868892 1.88749e+12
0.868795 1.8954e+12
0.868697 1.90331e+12
0.8686 1.91125e+12
0.868502 1.91919e+12
0.868404 1.92715e+12
0.868306 1.93513e+12
0.868208 1.94312e+12
0.868109 1.95112e+12
0.868011 1.95915e+12
0.867912 1.96719e+12
0.867813 1.97523e+12
0.867714 1.98331e+12
0.867614 1.99139e+12
0.867515 1.99949e+12
0.867415 2.0076e+12
0.867315 2.01572e+12
0.867215 2.02387e+12
0.867115 2.03202e+12
0.867014 2.04019e+12
0.866914 2.04838e+12
0.866813 2.05658e+12
0.866712 2.06479e+12
0.866611 2.07301e+12
0.866509 2.08126e+12
0.866408 2.08952e+12
0.866306 2.0978e+12
0.866204 2.10609e+12
0.866102 2.11439e+12
0.865999 2.12271e+12
0.865897 2.13105e+12
0.865794 2.1394e+12
0.865691 2.14777e+12
0.865588 2.15614e+12
0.865485 2.16454e+12
0.865382 2.17295e+12
0.865278 2.18137e+12
0.865174 2.18981e+12
0.86507 2.19826e+12
0.864966 2.20673e+12
0.864862 2.21521e+12
0.864758 2.22371e+12
0.864653 2.23223e+12
0.864548 2.24076e+12
0.864443 2.24931e+12
0.864337 2.25787e+12
0.864232 2.26645e+12
0.864126 2.27504e+12
0.864021 2.28364e+12
0.863915 2.29225e+12
0.863808 2.30089e+12
0.863702 2.30954e+12
0.863596 2.3182e+12
0.863489 2.32689e+12
0.863382 2.33559e+12
0.863275 2.34429e+12
0.863168 2.35301e+12
0.86306 2.36176e+12
0.862952 2.37051e+12
0.862845 2.37927e+12
0.862737 2.38806e+12
0.862628 2.39686e+12
0.86252 2.40568e+12
0.862411 2.41451e+12
0.862303 2.42335e+12
0.862194 2.43221e+12
0.862084 2.44109e+12
0.861975 2.44998e+12
0.861866 2.45889e+12
0.861756 2.46781e+12
0.861646 2.47675e+12
0.861536 2.48569e+12
0.861426 2.49466e+12
0.861315 2.50365e+12
0.861205 2.51265e+12
0.861094 2.52166e+12
0.860983 2.53069e+12
0.860871 2.53974e+12
0.86076 2.5488e+12
0.860649 2.55787e+12
0.860537 2.56695e+12
0.860425 2.57606e+12
0.860313 2.58518e+12
0.8602 2.59431e+12
0.860088 2.60345e+12
0.859975 2.61261e+12
0.859863 2.62179e+12
0.85975 2.63098e+12
0.859636 2.64019e+12
0.859523 2.6494e+12
0.859409 2.65865e+12
0.859295 2.66791e+12
0.859182 2.67717e+12
0.859067 2.68646e+12
0.858953 2.69576e+12
0.858838 2.70508e+12
0.858724 2.7144e+12
0.858609 2.72375e+12
0.858494 2.73312e+12
0.858378 2.7425e+12
0.858263 2.75189e+12
0.858147 2.7613e+12
0.858031 2.77073e+12
0.857915 2.78017e+12
0.857799 2.78963e+12
0.857682 2.7991e+12
0.857566 2.80858e+12
0.857449 2.81808e+12
0.857332 2.8276e+12
0.857215 2.83712e+12
0.857097 2.84667e+12
0.85698 2.85623e+12
0.856862 2.8658e+12
0.856744 2.8754e+12
0.856626 2.88501e+12
0.856507 2.89463e+12
0.856389 2.90427e+12
0.85627 2.91392e+12
0.856151 2.9236e+12
0.856032 2.93329e+12
0.855913 2.94299e+12
0.855793 2.95272e+12
0.855674 2.96245e+12
0.855554 2.9722e+12
0.855434 2.98196e+12
0.855313 2.99173e+12
0.855193 3.00152e+12
0.855073 3.01133e+12
0.854952 3.02114e+12
0.854831 3.03098e+12
0.85471 3.04084e+12
0.854588 3.05071e+12
0.854467 3.0606e+12
0.854345 3.0705e+12
0.854223 3.08042e+12
0.854101 3.09035e+12
0.853979 3.1003e+12
0.853856 3.11026e+12
0.853733 3.12025e+12
0.85361 3.13024e+12
0.853487 3.14026e+12
0.853364 3.15028e+12
0.85324 3.16032e+12
0.853117 3.17038e+12
0.852993 3.18045e+12
0.852869 3.19053e+12
0.852745 3.20063e+12
0.85262 3.21075e+12
0.852496 3.22089e+12
0.852371 3.23104e+12
0.852246 3.24122e+12
0.85212 3.2514e+12
0.851995 3.2616e+12
0.85187 3.2718e+12
0.851744 3.28202e+12
0.851618 3.29227e+12
0.851492 3.30253e+12
0.851365 3.31281e+12
0.851239 3.3231e+12
0.851112 3.3334e+12
0.850985 3.34372e+12
0.850858 3.35406e+12
0.850731 3.36441e+12
0.850603 3.37478e+12
0.850476 3.38517e+12
0.850348 3.39558e+12
0.850219 3.406e+12
0.850091 3.41642e+12
0.849963 3.42686e+12
0.849834 3.43733e+12
0.849705 3.4478e+12
0.849576 3.4583e+12
0.849447 3.4688e+12
0.849318 3.47933e+12
0.849188 3.48987e+12
0.849058 3.50043e+12
0.848928 3.511e+12
0.848798 3.52158e+12
0.848668 3.5322e+12
0.848537 3.54281e+12
0.848406 3.55344e+12
0.848275 3.5641e+12
0.848144 3.57476e+12
0.848013 3.58545e+12
0.847881 3.59616e+12
0.847749 3.60687e+12
0.847617 3.61761e+12
0.847485 3.62836e+12
0.847353 3.63913e+12
0.84722 3.6499e+12
0.847088 3.66069e+12
0.846955 3.6715e+12
0.846821 3.68233e+12
0.846688 3.69318e+12
0.846555 3.70404e+12
0.846421 3.71492e+12
0.846287 3.72581e+12
0.846153 3.73671e+12
0.846019 3.74762e+12
0.845884 3.75857e+12
0.845749 3.76952e+12
0.845615 3.78049e+12
0.84548 3.79146e+12
0.845344 3.80246e+12
0.845209 3.81348e+12
0.845073 3.82452e+12
0.844937 3.83557e+12
0.844801 3.84664e+12
0.844665 3.85773e+12
0.844528 3.86882e+12
0.844392 3.87994e+12
0.844255 3.89108e+12
0.844117 3.90224e+12
0.84398 3.9134e+12
0.843843 3.92458e+12
0.843705 3.93577e+12
0.843567 3.94699e+12
0.843429 3.95822e+12
0.843291 3.96946e+12
0.843152 3.98071e+12
0.843014 3.99199e+12
0.842875 4.00329e+12
0.842736 4.0146e+12
0.842596 4.02593e+12
0.842457 4.03728e+12
0.842317 4.04864e+12
0.842177 4.06001e+12
0.842037 4.0714e+12
0.841897 4.08281e+12
0.841756 4.09424e+12
0.841616 4.10568e+12
0.841475 4.11715e+12
0.841334 4.12863e+12
0.841192 4.14012e+12
0.841051 4.15163e+12
0.840909 4.16315e+12
0.840767 4.17469e+12
0.840625 4.18626e+12
0.840483 4.19782e+12
0.84034 4.20941e+12
0.840197 4.22103e+12
0.840054 4.23265e+12
0.839911 4.24428e+12
0.839768 4.25594e+12
0.839624 4.26762e+12
0.839481 4.27931e+12
0.839337 4.29101e+12
0.839193 4.30274e+12
0.839048 4.31448e+12
0.838904 4.32624e+12
0.838759 4.33801e+12
0.838614 4.3498e+12
0.838469 4.36161e+12
0.838323 4.37343e+12
0.838178 4.38527e+12
0.838032 4.39713e+12
0.837886 4.409e+12
0.83774 4.42088e+12
0.837593 4.43278e+12
0.837447 4.44471e+12
0.8373 4.45664e+12
0.837153 4.4686e+12
0.837006 4.48057e+12
0.836858 4.49256e+12
0.836711 4.50456e+12
0.836563 4.51658e+12
0.836415 4.52862e+12
0.836267 4.54068e+12
0.836118 4.55275e+12
0.83597 4.56484e+12
0.835821 4.57694e+12
0.835672 4.58906e+12
0.835523 4.60118e+12
0.835373 4.61335e+12
0.835224 4.62552e+12
0.835074 4.6377e+12
0.834924 4.6499e+12
0.834773 4.66212e+12
0.834623 4.67436e+12
0.834472 4.68662e+12
0.834321 4.69889e+12
0.83417 4.71117e+12
0.834019 4.72348e+12
0.833867 4.73581e+12
0.833715 4.74816e+12
0.833564 4.76052e+12
0.833411 4.77289e+12
0.833259 4.78528e+12
0.833106 4.79769e+12
0.832954 4.81012e+12
0.832801 4.82256e+12
0.832647 4.83503e+12
0.832494 4.84751e+12
0.83234 4.86001e+12
0.832186 4.87251e+12
0.832032 4.88505e+12
0.831878 4.89759e+12
0.831723 4.91015e+12
0.831569 4.92274e+12
0.831414 4.93533e+12
0.831259 4.94795e+12
0.831103 4.96057e+12
0.830948 4.97323e+12
0.830792 4.98589e+12
0.830636 4.99857e+12
0.83048 5.01127e+12
0.830324 5.02398e+12
0.830167 5.03672e+12
0.83001 5.04948e+12
0.829853 5.06226e+12
0.829696 5.07505e+12
0.829538 5.08785e+12
0.829381 5.10067e+12
0.829223 5.1135e+12
0.829065 5.12637e+12
0.828906 5.13924e+12
0.828748 5.15213e+12
0.828589 5.16504e+12
0.82843 5.17797e+12
0.828271 5.1909e+12
0.828112 5.20386e+12
0.827952 5.21684e+12
0.827792 5.22984e+12
0.827632 5.24285e+12
0.827472 5.25589e+12
0.827312 5.26894e+12
0.827151 5.282e+12
0.82699 5.29509e+12
0.826829 5.30819e+12
0.826668 5.32131e+12
0.826506 5.33444e+12
0.826344 5.3476e+12
0.826182 5.36077e+12
0.82602 5.37397e+12
0.825858 5.38718e+12
0.825695 5.40041e+12
0.825532 5.41364e+12
0.825369 5.4269e+12
0.825206 5.44018e+12
0.825042 5.45348e+12
0.824879 5.4668e+12
0.824715 5.48013e+12
0.82455 5.49349e+12
0.824386 5.50686e+12
0.824221 5.52024e+12
0.824057 5.53364e+12
0.823892 5.54706e+12
0.823726 5.56051e+12
0.823561 5.57396e+12
0.823395 5.58743e+12
0.823229 5.60092e+12
0.823063 5.61444e+12
0.822897 5.62796e+12
0.82273 5.64151e+12
0.822563 5.65508e+12
0.822396 5.66865e+12
0.822229 5.68226e+12
0.822062 5.69587e+12
0.821894 5.70951e+12
0.821726 5.72316e+12
0.821558 5.73683e+12
0.82139 5.75052e+12
0.821221 5.76423e+12
0.821052 5.77796e+12
0.820883 5.79171e+12
0.820714 5.80547e+12
0.820545 5.81925e+12
0.820375 5.83305e+12
0.820205 5.84687e+12
0.820035 5.8607e+12
0.819864 5.87457e+12
0.819694 5.88844e+12
0.819523 5.90233e+12
0.819352 5.91624e+12
0.819181 5.93017e+12
0.819009 5.94411e+12
0.818838 5.95808e+12
0.818666 5.97206e+12
0.818493 5.98607e+12
0.818321 6.00008e+12
0.818148 6.01412e+12
0.817976 6.02817e+12
0.817803 6.04225e+12
0.817629 6.05634e+12
0.817456 6.07046e+12
0.817282 6.08458e+12
0.817108 6.09874e+12
0.816934 6.1129e+12
0.816759 6.12709e+12
0.816585 6.14129e+12
0.81641 6.15552e+12
0.816235 6.16976e+12
0.816059 6.18402e+12
0.815884 6.1983e+12
0.815708 6.21259e+12
0.815532 6.22691e+12
0.815356 6.24124e+12
0.815179 6.25559e+12
0.815002 6.26997e+12
0.814825 6.28436e+12
0.814648 6.29877e+12
0.814471 6.3132e+12
0.814293 6.32764e+12
0.814115 6.34211e+12
0.813937 6.35659e+12
0.813759 6.3711e+12
0.81358 6.38563e+12
0.813401 6.40017e+12
0.813222 6.41473e+12
0.813043 6.42931e+12
0.812864 6.44391e+12
0.812684 6.45853e+12
0.812504 6.47317e+12
0.812324 6.48782e+12
0.812143 6.5025e+12
0.811962 6.51719e+12
0.811782 6.5319e+12
0.8116 6.54663e+12
0.811419 6.56138e+12
0.811237 6.57615e+12
0.811056 6.59093e+12
0.810874 6.60574e+12
0.810691 6.62057e+12
0.810509 6.63542e+12
0.810326 6.65028e+12
0.810143 6.66517e+12
0.809959 6.68008e+12
0.809776 6.69501e+12
0.809592 6.70995e+12
0.809408 6.72492e+12
0.809224 6.7399e+12
0.809039 6.7549e+12
0.808855 6.76992e+12
0.80867 6.78496e+12
0.808485 6.80001e+12
0.808299 6.81509e+12
0.808114 6.83019e+12
0.807928 6.84531e+12
0.807741 6.86045e+12
0.807555 6.87561e+12
0.807368 6.89079e+12
0.807182 6.90598e+12
0.806995 6.92119e+12
0.806807 6.93642e+12
0.80662 6.95167e+12
0.806432 6.96694e+12
0.806244 6.98224e+12
0.806056 6.99755e+12
0.805867 7.01289e+12
0.805678 7.02824e+12
0.805489 7.04361e+12
0.8053 7.059e+12
0.805111 7.07441e+12
0.804921 7.08984e+12
0.804731 7.10529e+12
0.80454 7.12077e+12
0.80435 7.13625e+12
0.804159 7.15177e+12
0.803968 7.1673e+12
0.803777 7.18285e+12
0.803586 7.19843e+12
0.803394 7.21402e+12
0.803202 7.22963e+12
0.80301 7.24527e+12
0.802817 7.26092e+12
0.802624 7.2766e+12
0.802431 7.29229e+12
0.802238 7.308e+12
0.802045 7.32373e+12
0.801851 7.33947e+12
0.801657 7.35525e+12
0.801463 7.37105e+12
0.801268 7.38686e+12
0.801074 7.40269e+12
0.800879 7.41854e+12
0.800684 7.43441e+12
0.800488 7.4503e+12
0.800293 7.46621e+12
0.800097 7.48214e+12
0.799901 7.49809e+12
0.799704 7.51407e+12
0.799508 7.53006e+12
0.799311 7.54607e+12
0.799113 7.56211e+12
0.798916 7.57816e+12
0.798718 7.59423e+12
0.798521 7.61033e+12
0.798322 7.62645e+12
0.798124 7.64258e+12
0.797925 7.65874e+12
0.797726 7.67492e+12
0.797527 7.69112e+12
0.797328 7.70735e+12
0.797128 7.7236e+12
0.796928 7.73986e+12
0.796728 7.75614e+12
0.796527 7.77244e+12
0.796326 7.78876e+12
0.796125 7.80511e+12
0.795924 7.82147e+12
0.795723 7.83786e+12
0.795521 7.85427e+12
0.795319 7.87069e+12
0.795117 7.88714e+12
0.794914 7.9036e+12
0.794712 7.92009e+12
0.794509 7.9366e+12
0.794305 7.95313e+12
0.794102 7.96968e+12
0.793898 7.98626e+12
0.793694 8.00285e+12
0.793489 8.01948e+12
0.793285 8.03611e+12
0.79308 8.05278e+12
0.792875 8.06946e+12
0.79267 8.08615e+12
0.792464 8.10287e+12
0.792258 8.11962e+12
0.792052 8.13638e+12
0.791846 8.15317e+12
0.791639 8.16997e+12
0.791432 8.1868e+12
0.791225 8.20365e+12
0.791017 8.22052e+12
0.79081 8.23741e+12
0.790602 8.25432e+12
0.790393 8.27126e+12
0.790185 8.28822e+12
0.789976 8.30519e+12
0.789767 8.3222e+12
0.789558 8.33922e+12
0.789348 8.35626e+12
0.789138 8.37333e+12
0.788928 8.39041e+12
0.788718 8.40752e+12
0.788507 8.42464e+12
0.788296 8.44179e+12
0.788085 8.45896e+12
0.787874 8.47615e+12
0.787662 8.49336e+12
0.78745 8.5106e+12
0.787238 8.52786e+12
0.787026 8.54514e+12
0.786813 8.56243e+12
0.7866 8.57976e+12
0.786387 8.59711e+12
0.786173 8.61447e+12
0.785959 8.63186e+12
0.785745 8.64927e+12
0.785531 8.6667e+12
0.785316 8.68415e+12
0.785101 8.70164e+12
0.784886 8.71913e+12
0.784671 8.73665e+12
0.784455 8.7542e+12
0.784239 8.77176e+12
0.784023 8.78935e+12
0.783806 8.80695e+12
0.783589 8.82459e+12
0.783372 8.84225e+12
0.783155 8.85992e+12
0.782937 8.87762e+12
0.782719 8.89534e+12
0.782501 8.91308e+12
0.782283 8.93085e+12
0.782064 8.94864e+12
0.781845 8.96646e+12
0.781626 8.98429e+12
0.781406 9.00214e+12
0.781186 9.02002e+12
0.780966 9.03792e+12
0.780746 9.05584e+12
0.780525 9.07379e+12
0.780304 9.09175e+12
0.780083 9.10974e+12
0.779861 9.12776e+12
0.77964 9.14579e+12
0.779418 9.16385e+12
0.779195 9.18193e+12
0.778973 9.20003e+12
0.77875 9.21816e+12
0.778527 9.23631e+12
0.778303 9.25448e+12
0.778079 9.27267e+12
0.777855 9.29089e+12
0.777631 9.30912e+12
0.777407 9.32738e+12
0.777182 9.34567e+12
0.776957 9.36399e+12
0.776731 9.38232e+12
0.776505 9.40067e+12
0.77628 9.41905e+12
0.776053 9.43745e+12
0.775827 9.45587e+12
0.7756 9.47432e+12
0.775373 9.49279e+12
0.775145 9.51128e+12
0.774918 9.5298e+12
0.77469 9.54833e+12
0.774461 9.56689e+12
0.774233 9.58549e+12
0.774004 9.6041e+12
0.773775 9.62274e+12
0.773545 9.64139e+12
0.773316 9.66008e+12
0.773086 9.67878e+12
0.772855 9.69751e+12
0.772625 9.71626e+12
0.772394 9.73503e+12
0.772163 9.75383e+12
0.771931 9.77265e+12
0.7717 9.7915e+12
0.771468 9.81037e+12
0.771235 9.82927e+12
0.771003 9.84819e+12
0.77077 9.86713e+12
0.770536 9.8861e+12
0.770303 9.90508e+12
0.770069 9.92409e+12
0.769835 9.94312e+12
0.769601 9.96218e+12
0.769366 9.98126e+12
0.769131 1.00004e+13
0.768896 1.00195e+13
0.76866 1.00387e+13
0.768424 1.00578e+13
0.768188 1.0077e+13
0.767952 1.00963e+13
0.767715 1.01155e+13
0.767478 1.01348e+13
0.767241 1.01541e+13
0.767003 1.01734e+13
0.766765 1.01928e+13
0.766527 1.02122e+13
0.766289 1.02315e+13
0.76605 1.0251e+13
0.765811 1.02704e+13
0.765571 1.02899e+13
0.765332 1.03094e+13
0.765092 1.03289e+13
0.764851 1.03484e+13
0.764611 1.0368e+13
0.76437 1.03876e+13
0.764128 1.04072e+13
0.763887 1.04269e+13
0.763645 1.04465e+13
0.763403 1.04662e+13
0.763161 1.04859e+13
0.762918 1.05057e+13
0.762675 1.05254e+13
0.762431 1.05452e+13
0.762188 1.0565e+13
0.761944 1.05849e+13
0.7617 1.06047e+13
0.761455 1.06246e+13
0.76121 1.06445e+13
0.760965 1.06645e+13
0.760719 1.06844e+13
0.760474 1.07044e+13
0.760228 1.07244e+13
0.759981 1.07445e+13
0.759735 1.07645e+13
0.759488 1.07846e+13
0.75924 1.08047e+13
0.758993 1.08249e+13
0.758745 1.0845e+13
0.758496 1.08652e+13
0.758248 1.08855e+13
0.757999 1.09057e+13
0.75775 1.0926e+13
0.7575 1.09463e+13
0.75725 1.09666e+13
0.757 1.09869e+13
0.75675 1.10073e+13
0.756499 1.10277e+13
0.756248 1.10481e+13
0.755996 1.10685e+13
0.755745 1.1089e+13
0.755493 1.11095e+13
0.75524 1.113e+13
0.754988 1.11506e+13
0.754735 1.11711e+13
0.754481 1.11917e+13
0.754228 1.12124e+13
0.753974 1.1233e+13
0.75372 1.12537e+13
0.753465 1.12744e+13
0.75321 1.12951e+13
0.752955 1.13159e+13
0.7527 1.13366e+13
0.752444 1.13574e+13
0.752188 1.13783e+13
0.751931 1.13991e+13
0.751675 1.142e+13
0.751417 1.14409e+13
0.75116 1.14619e+13
0.750902 1.14828e+13
0.750644 1.15038e+13
0.750386 1.15248e+13
0.750127 1.15459e+13
0.749868 1.15669e+13
0.749608 1.1588e+13
0.749349 1.16091e+13
0.749089 1.16303e+13
0.748828 1.16515e+13
0.748568 1.16727e+13
0.748307 1.16939e+13
0.748045 1.17151e+13
0.747784 1.17364e+13
0.747522 1.17577e+13
0.747259 1.17791e+13
0.746997 1.18004e+13
0.746734 1.18218e+13
0.746471 1.18432e+13
0.746207 1.18647e+13
0.745943 1.18861e+13
0.745679 1.19076e+13
0.745414 1.19291e+13
0.745149 1.19507e+13
0.744884 1.19723e+13
0.744618 1.19939e+13
0.744352 1.20155e+13
0.744086 1.20371e+13
0.743819 1.20588e+13
0.743552 1.20805e+13
0.743285 1.21023e+13
0.743017 1.2124e+13
0.742749 1.21458e+13
0.742481 1.21677e+13
0.742212 1.21895e+13
0.741943 1.22114e+13
0.741674 1.22333e+13
0.741404 1.22552e+13
0.741135 1.22772e+13
0.740864 1.22991e+13
0.740594 1.23211e+13
0.740323 1.23432e+13
0.740051 1.23653e+13
0.73978 1.23873e+13
0.739508 1.24095e+13
0.739235 1.24316e+13
0.738963 1.24538e+13
0.73869 1.2476e+13
0.738416 1.24982e+13
0.738142 1.25205e+13
0.737868 1.25428e+13
0.737594 1.25651e+13
0.737319 1.25874e+13
0.737044 1.26098e+13
0.736769 1.26322e+13
0.736493 1.26546e+13
0.736217 1.26771e+13
0.73594 1.26996e+13
0.735664 1.27221e+13
0.735387 1.27446e+13
0.735109 1.27672e+13
0.734831 1.27898e+13
0.734553 1.28124e+13
0.734274 1.2835e+13
0.733996 1.28577e+13
0.733716 1.28804e+13
0.733437 1.29032e+13
0.733157 1.29259e+13
0.732877 1.29487e+13
0.732596 1.29716e+13
0.732315 1.29944e+13
0.732034 1.30173e+13
0.731752 1.30402e+13
0.73147 1.30631e+13
0.731187 1.30861e+13
0.730905 1.31091e+13
0.730622 1.31321e+13
0.730338 1.31552e+13
0.730054 1.31782e+13
0.72977 1.32014e+13
0.729485 1.32245e+13
0.729201 1.32477e+13
0.728915 1.32709e+13
0.72863 1.32941e+13
0.728344 1.33173e+13
0.728058 1.33406e+13
0.727771 1.33639e+13
0.727484 1.33873e+13
0.727196 1.34106e+13
0.726909 1.34341e+13
0.726621 1.34575e+13
0.726332 1.34809e+13
0.726043 1.35044e+13
0.725754 1.3528e+13
0.725465 1.35515e+13
0.725175 1.35751e+13
0.724884 1.35987e+13
0.724594 1.36223e+13
0.724303 1.3646e+13
0.724011 1.36697e+13
0.723719 1.36934e+13
0.723427 1.37172e+13
0.723135 1.3741e+13
0.722842 1.37648e+13
0.722549 1.37886e+13
0.722255 1.38125e+13
0.721961 1.38364e+13
0.721667 1.38603e+13
0.721372 1.38843e+13
0.721077 1.39083e+13
0.720782 1.39323e+13
0.720486 1.39564e+13
0.72019 1.39804e+13
0.719893 1.40046e+13
0.719596 1.40287e+13
0.719299 1.40529e+13
0.719002 1.40771e+13
0.718704 1.41013e+13
0.718405 1.41256e+13
0.718106 1.41499e+13
0.717807 1.41742e+13
0.717508 1.41986e+13
0.717208 1.42229e+13
0.716908 1.42474e+13
0.716607 1.42718e+13
0.716306 1.42963e+13
0.716005 1.43208e+13
0.715703 1.43453e+13
0.715401 1.43699e+13
0.715098 1.43945e+13
0.714795 1.44191e+13
0.714492 1.44438e+13
0.714189 1.44685e+13
0.713885 1.44932e+13
0.71358 1.4518e+13
0.713275 1.45428e+13
0.71297 1.45676e+13
0.712665 1.45924e+13
0.712359 1.46173e+13
0.712052 1.46422e+13
0.711746 1.46672e+13
0.711438 1.46921e+13
0.711131 1.47172e+13
0.710823 1.47422e+13
0.710515 1.47673e+13
0.710206 1.47923e+13
0.709897 1.48175e+13
0.709588 1.48426e+13
0.709278 1.48678e+13
0.708968 1.48931e+13
0.708657 1.49183e+13
0.708346 1.49436e+13
0.708035 1.49689e+13
0.707723 1.49943e+13
0.707411 1.50196e+13
0.707099 1.50451e+13
0.706786 1.50705e+13
0.706473 1.5096e+13
0.706159 1.51215e+13
0.705845 1.5147e+13
0.70553 1.51726e+13
0.705216 1.51982e+13
0.7049 1.52238e+13
0.704585 1.52495e+13
0.704269 1.52752e+13
0.703952 1.53009e+13
0.703636 1.53267e+13
0.703318 1.53525e+13
0.703001 1.53783e+13
0.702683 1.54042e+13
0.702364 1.54301e+13
0.702045 1.5456e+13
0.701726 1.5482e+13
0.701407 1.5508e+13
0.701087 1.5534e+13
0.700766 1.556e+13
0.700446 1.55861e+13
0.700124 1.56122e+13
0.699803 1.56384e+13
0.699481 1.56646e+13
0.699158 1.56908e+13
0.698836 1.57171e+13
0.698512 1.57433e+13
0.698189 1.57697e+13
0.697865 1.5796e+13
0.69754 1.58224e+13
0.697216 1.58488e+13
0.69689 1.58752e+13
0.696565 1.59017e+13
0.696239 1.59282e+13
0.695912 1.59548e+13
0.695585 1.59814e+13
0.695258 1.6008e+13
0.694931 1.60346e+13
0.694602 1.60613e+13
0.694274 1.6088e+13
0.693945 1.61148e+13
0.693616 1.61416e+13
0.693286 1.61684e+13
0.692956 1.61952e+13
0.692625 1.62221e+13
0.692294 1.6249e+13
0.691963 1.6276e+13
0.691631 1.63029e+13
0.691299 1.63299e+13
0.690967 1.6357e+13
0.690634 1.63841e+13
0.6903 1.64112e+13
0.689966 1.64383e+13
0.689632 1.64655e+13
0.689297 1.64927e+13
0.688962 1.652e+13
0.688627 1.65473e+13
0.688291 1.65746e+13
0.687955 1.66019e+13
0.687618 1.66293e+13
0.687281 1.66567e+13
0.686943 1.66842e+13
0.686605 1.67117e+13
0.686267 1.67392e+13
0.685928 1.67667e+13
0.685589 1.67943e+13
0.685249 1.6822e+13
0.684909 1.68496e+13
0.684568 1.68773e+13
0.684227 1.6905e+13
0.683886 1.69328e+13
0.683544 1.69606e+13
0.683202 1.69884e+13
0.682859 1.70163e+13
0.682516 1.70442e+13
0.682173 1.70721e+13
0.681829 1.71001e+13
0.681485 1.71281e+13
0.68114 1.71561e+13
0.680795 1.71842e+13
0.680449 1.72123e+13
0.680103 1.72405e+13
0.679757 1.72686e+13
0.67941 1.72968e+13
0.679062 1.73251e+13
0.678714 1.73534e+13
0.678366 1.73817e+13
0.678018 1.741e+13
0.677668 1.74384e+13
0.677319 1.74669e+13
0.676969 1.74953e+13
0.676619 1.75238e+13
0.676268 1.75523e+13
0.675917 1.75809e+13
0.675565 1.76095e+13
0.675213 1.76381e+13
0.67486 1.76668e+13
0.674507 1.76955e+13
0.674154 1.77242e+13
0.6738 1.7753e+13
0.673446 1.77818e+13
0.673091 1.78107e+13
0.672736 1.78396e+13
0.67238 1.78685e+13
0.672024 1.78974e+13
0.671668 1.79264e+13
0.671311 1.79554e+13
0.670954 1.79845e+13
0.670596 1.80136e+13
0.670238 1.80427e+13
0.669879 1.80719e+13
0.66952 1.81011e+13
0.66916 1.81303e+13
0.6688 1.81596e+13
0.66844 1.81889e+13
0.668079 1.82183e+13
0.667718 1.82477e+13
0.667356 1.82771e+13
0.666994 1.83065e+13
0.666631 1.8336e+13
0.666268 1.83656e+13
0.665904 1.83951e+13
0.66554 1.84247e+13
0.665176 1.84544e+13
0.664811 1.8484e+13
0.664446 1.85137e+13
0.66408 1.85435e+13
0.663714 1.85733e+13
0.663347 1.86031e+13
0.66298 1.86329e+13
0.662613 1.86628e+13
0.662245 1.86928e+13
0.661876 1.87227e+13
0.661507 1.87527e+13
0.661138 1.87828e+13
0.660768 1.88128e+13
0.660398 1.8843e+13
0.660027 1.88731e+13
0.659656 1.89033e+13
0.659284 1.89335e+13
0.658912 1.89638e+13
0.65854 1.89941e+13
0.658167 1.90244e+13
0.657793 1.90548e+13
0.657419 1.90852e+13
0.657045 1.91156e+13
0.65667 1.91461e+13
0.656295 1.91766e+13
0.655919 1.92072e+13
0.655543 1.92378e+13
0.655166 1.92684e+13
0.654789 1.92991e+13
0.654412 1.93298e+13
0.654034 1.93605e+13
0.653655 1.93913e+13
0.653276 1.94221e+13
0.652897 1.9453e+13
0.652517 1.94838e+13
0.652137 1.95148e+13
0.651756 1.95457e+13
0.651375 1.95767e+13
0.650993 1.96078e+13
0.650611 1.96389e+13
0.650228 1.967e+13
0.649845 1.97011e+13
0.649462 1.97323e+13
0.649077 1.97636e+13
0.648693 1.97948e+13
0.648308 1.98261e+13
0.647923 1.98575e+13
0.647537 1.98888e+13
0.647151 1.99203e+13
0.646764 1.99517e+13
0.646376 1.99832e+13
0.645989 2.00148e+13
0.6456 2.00463e+13
0.645212 2.00779e+13
0.644823 2.01096e+13
0.644433 2.01413e+13
0.644043 2.0173e+13
0.643652 2.02047e+13
0.643261 2.02365e+13
0.64287 2.02684e+13
0.642478 2.03002e+13
0.642086 2.03322e+13
0.641693 2.03641e+13
0.641299 2.03961e+13
0.640906 2.04281e+13
0.640511 2.04602e+13
0.640117 2.04923e+13
0.639721 2.05244e+13
0.639326 2.05566e+13
0.638929 2.05888e+13
0.638533 2.06211e+13
0.638136 2.06534e+13
0.637738 2.06857e+13
0.63734 2.07181e+13
0.636941 2.07505e+13
0.636542 2.0783e+13
0.636143 2.08154e+13
0.635743 2.0848e+13
0.635342 2.08805e+13
0.634941 2.09131e+13
0.63454 2.09458e+13
0.634138 2.09785e+13
0.633736 2.10112e+13
0.633333 2.1044e+13
0.63293 2.10768e+13
0.632526 2.11096e+13
0.632122 2.11425e+13
0.631717 2.11754e+13
0.631312 2.12083e+13
0.630906 2.12413e+13
0.6305 2.12744e+13
0.630093 2.13074e+13
0.629686 2.13405e+13
0.629278 2.13737e+13
0.62887 2.14069e+13
0.628462 2.14401e+13
0.628053 2.14734e+13
0.627643 2.15067e+13
0.627233 2.154e+13
0.626822 2.15734e+13
0.626411 2.16068e+13
0.626 2.16403e+13
0.625588 2.16738e+13
0.625176 2.17073e+13
0.624763 2.17409e+13
0.624349 2.17745e+13
0.623935 2.18082e+13
0.623521 2.18419e+13
0.623106 2.18756e+13
0.622691 2.19094e+13
0.622275 2.19432e+13
0.621859 2.19771e+13
0.621442 2.2011e+13
0.621025 2.20449e+13
0.620607 2.20789e+13
0.620189 2.21129e+13
0.61977 2.21469e+13
0.619351 2.2181e+13
0.618931 2.22152e+13
0.618511 2.22493e+13
0.61809 2.22835e+13
0.617669 2.23178e+13
0.617247 2.23521e+13
0.616825 2.23864e+13
0.616403 2.24208e+13
0.61598 2.24552e+13
0.615556 2.24896e+13
0.615132 2.25241e+13
0.614707 2.25586e+13
0.614282 2.25932e+13
0.613857 2.26278e+13
0.613431 2.26625e+13
0.613004 2.26972e+13
0.612577 2.27319e+13
0.61215 2.27666e+13
0.611722 2.28014e+13
0.611294 2.28362e+13
0.610866 2.28711e+13
0.610437 2.29059e+13
0.610008 2.29408e+13
0.609579 2.29757e+13
0.60915 2.30106e+13
0.60872 2.30456e+13
0.60829 2.30806e+13
0.607859 2.31155e+13
0.607429 2.31506e+13
0.606998 2.31856e+13
0.606567 2.32207e+13
0.606135 2.32558e+13
0.606092 2.32593e+13
0.606071 2.3261e+13
0.60607 2.32611e+13
0.606064 2.32615e+13
0.606061 2.32618e+13
0.606061 2.32618e+13
0.606061 2.32618e+13
0.606061 2.32618e+13
0.606061 2.32618e+13
0.606061 2.32618e+13
0.606061 2.32618e+13
0.606061 2.32618e+13
0.606061 2.32618e+13
0.606061 2.32618e+13
0.606061 2.32618e+13
0.606061 2.32618e+13
0.606061 2.32618e+13
0.606061 2.32618e+13
0.606061 2.32618e+13
0.606061 2.32618e+13
0.606061 2.32618e+13
0.606061 2.32618e+13
0.606061 2.32618e+13
0.606061 2.32618e+13
0.606061 2.32618e+13
0.606061 2.32618e+13
0.606061 2.32618e+13
0.606061 2.32618e+13
0.606061 2.32618e+13
0.606061 2.32618e+13
0.606061 2.32618e+13
0.60606 2.32619e+13
0.606059 2.3262e+13
0.606052 2.32626e+13
0.606015 2.32657e+13
0.605833 2.32812e+13
0.605416 2.33169e+13
0.604999 2.33524e+13
0.604582 2.3388e+13
0.604164 2.34237e+13
0.603747 2.34593e+13
0.603329 2.3495e+13
0.602911 2.35307e+13
0.602492 2.35664e+13
0.602074 2.36021e+13
0.601655 2.36378e+13
0.601235 2.36736e+13
0.600816 2.37094e+13
0.600396 2.37452e+13
0.599976 2.37811e+13
0.599556 2.3817e+13
0.599135 2.38529e+13
0.598714 2.38888e+13
0.598293 2.39247e+13
0.597872 2.39607e+13
0.59745 2.39966e+13
0.597029 2.40326e+13
0.596607 2.40687e+13
0.596184 2.41047e+13
0.595761 2.41408e+13
0.595339 2.41769e+13
0.594915 2.4213e+13
0.594492 2.42491e+13
0.594068 2.42853e+13
0.593644 2.43214e+13
0.59322 2.43576e+13
0.592796 2.43939e+13
0.592371 2.44301e+13
0.591946 2.44664e+13
0.591521 2.45026e+13
0.591096 2.45389e+13
0.591053 2.45426e+13
0.591032 2.45444e+13
0.590926 2.45535e+13
0.590921 2.45538e+13
0.590919 2.4554e+13
0.590909 2.45549e+13
0.590909 2.45549e+13
0.590909 2.45549e+13
0.590909 2.45549e+13
0.590909 2.45549e+13
0.590909 2.45549e+13
0.590909 2.45549e+13
0.590909 2.45549e+13
0.590909 2.45549e+13
0.590909 2.45549e+13
0.590909 2.45549e+13
0.590909 2.45549e+13
0.590909 2.45549e+13
0.590909 2.45549e+13
0.590909 2.45549e+13
0.590909 2.45549e+13
0.590909 2.45549e+13
0.590909 2.45549e+13
0.590909 2.45549e+13
0.590909 2.45549e+13
0.590909 2.45549e+13
0.590909 2.45549e+13
0.590909 2.45549e+13
0.590909 2.45549e+13
0.590909 2.45549e+13
0.590909 2.45549e+13
0.590908 2.4555e+13
0.590905 2.45553e+13
0.590889 2.45567e+13
0.59081 2.45642e+13
0.590414 2.46014e+13
0.590018 2.46385e+13
0.589622 2.46757e+13
0.589225 2.4713e+13
0.588829 2.47502e+13
0.588432 2.47874e+13
0.588035 2.48247e+13
0.587638 2.4862e+13
0.58724 2.48993e+13
0.586843 2.49367e+13
0.586445 2.4974e+13
0.586047 2.50114e+13
0.585648 2.50488e+13
0.58525 2.50862e+13
0.584851 2.51237e+13
0.584452 2.51611e+13
0.584053 2.51986e+13
0.583653 2.52361e+13
0.583253 2.52737e+13
0.582853 2.53112e+13
0.582453 2.53488e+13
0.582053 2.53864e+13
0.581652 2.5424e+13
0.581251 2.54616e+13
0.58085 2.54993e+13
0.580449 2.55369e+13
0.580048 2.55746e+13
0.579646 2.56123e+13
0.579244 2.56501e+13
0.578842 2.56878e+13
0.57844 2.57256e+13
0.578037 2.57634e+13
0.577635 2.58012e+13
0.577232 2.5839e+13
0.576829 2.58769e+13
0.576425 2.59147e+13
0.576022 2.59526e+13
0.575618 2.59905e+13
0.575214 2.60284e+13
0.57481 2.60664e+13
0.574406 2.61044e+13
0.574001 2.61423e+13
0.573596 2.61803e+13
0.573191 2.62184e+13
0.572786 2.62564e+13
0.572381 2.62945e+13
0.571975 2.63326e+13
0.571569 2.63707e+13
0.571163 2.64088e+13
0.570757 2.64469e+13
0.570351 2.64851e+13
0.569944 2.65232e+13
0.569537 2.65614e+13
0.56913 2.65996e+13
0.568723 2.66378e+13
0.568316 2.66761e+13
0.567909 2.67143e+13
0.567501 2.67526e+13
0.567093 2.67909e+13
0.566685 2.68292e+13
0.566277 2.68676e+13
0.565868 2.69059e+13
0.56546 2.69443e+13
0.565051 2.69826e+13
0.564642 2.7021e+13
0.564233 2.70595e+13
0.563824 2.70979e+13
0.563414 2.71363e+13
0.563004 2.71748e+13
0.562594 2.72133e+13
0.562184 2.72518e+13
0.561774 2.72903e+13
0.561364 2.73288e+13
0.560953 2.73674e+13
0.560912 2.73712e+13
0.560707 2.73905e+13
0.560666 2.73944e+13
0.560645 2.73963e+13
0.560635 2.73973e+13
0.56063 2.73977e+13
0.560627 2.7398e+13
0.560614 2.73992e+13
0.560608 2.73998e+13
0.560608 2.73998e+13
0.560607 2.73998e+13
0.560607 2.73999e+13
0.560606 2.73999e+13
0.560606 2.74e+13
0.560606 2.74e+13
0.560606 2.74e+13
0.560606 2.74e+13
0.560606 2.74e+13
0.560606 2.74e+13
0.560606 2.74e+13
0.560606 2.74e+13
0.560606 2.74e+13
0.560606 2.74e+13
0.560606 2.74e+13
0.560606 2.74e+13
0.560606 2.74e+13
0.560606 2.74e+13
0.560606 2.74e+13
0.560606 2.74e+13
0.560606 2.74e+13
0.560606 2.74e+13
0.560603 2.74002e+13
0.560593 2.74014e+13
0.56054 2.7407e+13
0.560275 2.7435e+13
0.559902 2.74745e+13
0.559528 2.7514e+13
0.559155 2.75536e+13
0.558781 2.75931e+13
0.558407 2.76327e+13
0.558033 2.76723e+13
0.557659 2.77119e+13
0.557285 2.77515e+13
0.55691 2.77911e+13
0.556536 2.78307e+13
0.556161 2.78704e+13
0.555786 2.79101e+13
0.555411 2.79498e+13
0.555036 2.79895e+13
0.554661 2.80292e+13
0.554285 2.80689e+13
0.553909 2.81087e+13
0.553534 2.81485e+13
0.553158 2.81882e+13
0.552782 2.8228e+13
0.552406 2.82678e+13
0.55203 2.83077e+13
0.551653 2.83475e+13
0.551277 2.83873e+13
0.5509 2.84272e+13
0.550523 2.84671e+13
0.550146 2.8507e+13
0.549769 2.85469e+13
0.549392 2.85868e+13
0.549015 2.86268e+13
0.548637 2.86667e+13
0.548259 2.87067e+13
0.547882 2.87466e+13
0.547504 2.87866e+13
0.547126 2.88266e+13
0.546748 2.88666e+13
0.54637 2.89067e+13
0.545991 2.89467e+13
0.545613 2.89868e+13
0.545575 2.89908e+13
0.545556 2.89928e+13
0.545462 2.90028e+13
0.545458 2.90032e+13
0.545456 2.90034e+13
0.545455 2.90035e+13
0.545455 2.90035e+13
0.545455 2.90035e+13
0.545455 2.90035e+13
0.545455 2.90035e+13
0.545455 2.90035e+13
0.545455 2.90035e+13
0.545455 2.90035e+13
0.545455 2.90035e+13
0.545455 2.90035e+13
0.545455 2.90035e+13
0.545455 2.90035e+13
0.545455 2.90035e+13
0.545455 2.90035e+13
0.545455 2.90035e+13
0.545455 2.90035e+13
0.545455 2.90035e+13
0.545455 2.90035e+13
0.545455 2.90035e+13
0.545455 2.90035e+13
0.545455 2.90035e+13
0.545455 2.90035e+13
0.545455 2.90035e+13
0.545455 2.90035e+13
0.545455 2.90035e+13
0.545455 2.90035e+13
0.545454 2.90035e+13
0.545454 2.90036e+13
0.545451 2.90041e+13
0.545436 2.90062e+13
0.545362 2.90171e+13
0.545071 2.90598e+13
0.544784 2.91018e+13
0.544497 2.91439e+13
0.54421 2.91859e+13
0.543923 2.9228e+13
0.543636 2.92701e+13
0.543349 2.93122e+13
0.543062 2.93543e+13
0.542774 2.93964e+13
0.542487 2.94386e+13
0.542199 2.94807e+13
0.541912 2.95229e+13
0.541624 2.9565e+13
0.541336 2.96072e+13
0.541048 2.96494e+13
0.540761 2.96916e+13
0.540473 2.97338e+13
0.540185 2.9776e+13
0.539897 2.98182e+13
0.539608 2.98605e+13
0.53932 2.99027e+13
0.539032 2.9945e+13
0.538744 2.99873e+13
0.538455 3.00295e+13
0.538167 3.00718e+13
0.537878 3.01141e+13
0.53759 3.01564e+13
0.537301 3.01987e+13
0.537013 3.0241e+13
0.536724 3.02833e+13
0.536435 3.03256e+13
0.536146 3.0368e+13
0.535857 3.04104e+13
0.535569 3.04527e+13
0.53528 3.04951e+13
0.534991 3.05374e+13
0.534702 3.05798e+13
0.534412 3.06222e+13
0.534123 3.06646e+13
0.533834 3.07069e+13
0.533545 3.07493e+13
0.533256 3.07918e+13
0.532966 3.08342e+13
0.532677 3.08766e+13
0.532387 3.0919e+13
0.532098 3.09614e+13
0.531809 3.10039e+13
0.531519 3.10463e+13
0.531229 3.10888e+13
0.53094 3.11312e+13
0.53065 3.11737e+13
0.530361 3.12161e+13
0.530071 3.12586e+13
0.529781 3.1301e+13
0.529492 3.13435e+13
0.529202 3.1386e+13
0.528912 3.14284e+13
0.528622 3.14709e+13
0.528333 3.15134e+13
0.528043 3.15559e+13
0.527753 3.15984e+13
0.527463 3.16409e+13
0.527173 3.16833e+13
0.526883 3.17258e+13
0.526593 3.17683e+13
0.526304 3.18108e+13
0.526014 3.18533e+13
0.525724 3.18958e+13
0.525434 3.19383e+13
0.525144 3.19808e+13
0.524854 3.20233e+13
0.524564 3.20658e+13
0.524274 3.21083e+13
0.523984 3.21508e+13
0.523694 3.21933e+13
0.523404 3.22358e+13
0.523114 3.22783e+13
0.522825 3.23208e+13
0.522535 3.23633e+13
0.522245 3.24058e+13
0.521955 3.24483e+13
0.521665 3.24908e+13
0.521375 3.25333e+13
0.521085 3.25758e+13
0.520795 3.26183e+13
0.520506 3.26607e+13
0.520216 3.27032e+13
0.519926 3.27457e+13
0.519637 3.27881e+13
0.519347 3.28306e+13
0.519057 3.28731e+13
0.518768 3.29155e+13
0.518478 3.2958e+13
0.518188 3.30004e+13
0.517899 3.30429e+13
0.517609 3.30853e+13
0.51732 3.31277e+13
0.51703 3.31702e+13
0.516741 3.32126e+13
0.516452 3.3255e+13
0.516162 3.32974e+13
0.515873 3.33398e+13
0.515584 3.33822e+13
0.515295 3.34246e+13
0.515006 3.3467e+13
0.514717 3.35093e+13
0.514428 3.35517e+13
0.514139 3.3594e+13
0.51385 3.36364e+13
0.513561 3.36787e+13
0.513273 3.3721e+13
0.512984 3.37633e+13
0.512695 3.38056e+13
0.512407 3.38479e+13
0.512118 3.38902e+13
0.51183 3.39325e+13
0.511542 3.39747e+13
0.511254 3.4017e+13
0.510965 3.40592e+13
0.510677 3.41014e+13
0.510389 3.41436e+13
0.510102 3.41858e+13
0.509814 3.4228e+13
0.509526 3.42702e+13
0.509239 3.43123e+13
0.508951 3.43545e+13
0.508664 3.43966e+13
0.508377 3.44387e+13
0.508089 3.44808e+13
0.507802 3.45229e+13
0.507516 3.45649e+13
0.507229 3.4607e+13
0.506942 3.4649e+13
0.506656 3.4691e+13
0.506369 3.4733e+13
0.506083 3.4775e+13
0.505797 3.48169e+13
0.505511 3.48588e+13
0.505225 3.49007e+13
0.504939 3.49426e+13
0.504653 3.49845e+13
0.504368 3.50264e+13
0.504082 3.50682e+13
0.503797 3.511e+13
0.503512 3.51518e+13
0.503227 3.51935e+13
0.502943 3.52353e+13
0.502658 3.5277e+13
0.502374 3.53187e+13
0.502089 3.53603e+13
0.501805 3.5402e+13
0.501522 3.54436e+13
0.501238 3.54852e+13
0.500954 3.55267e+13
0.500671 3.55683e+13
0.500388 3.56098e+13
0.500105 3.56513e+13
0.499822 3.56927e+13
0.499539 3.57341e+13
0.499257 3.57755e+13
0.498975 3.58169e+13
0.498693 3.58582e+13
0.498411 3.58995e+13
0.49813 3.59408e+13
0.497848 3.5982e+13
0.497567 3.60232e+13
0.497286 3.60644e+13
0.497006 3.61055e+13
0.496725 3.61467e+13
0.496445 3.61877e+13
0.496165 3.62288e+13
0.495885 3.62698e+13
0.495606 3.63107e+13
0.495327 3.63516e+13
0.495048 3.63925e+13
0.494769 3.64334e+13
0.494491 3.64742e+13
0.494213 3.6515e+13
0.493935 3.65557e+13
0.493657 3.65964e+13
0.49338 3.6637e+13
0.493103 3.66776e+13
0.492826 3.67182e+13
0.49255 3.67587e+13
0.492274 3.67992e+13
0.491998 3.68396e+13
0.491722 3.688e+13
0.491447 3.69204e+13
0.491172 3.69606e+13
0.490898 3.70009e+13
0.490624 3.70411e+13
0.49035 3.70812e+13
0.490076 3.71213e+13
0.489803 3.71614e+13
0.48953 3.72014e+13
0.489258 3.72413e+13
0.488986 3.72812e+13
0.488714 3.7321e+13
0.488443 3.73608e+13
0.488172 3.74005e+13
0.487901 3.74401e+13
0.487631 3.74797e+13
0.487361 3.75193e+13
0.487092 3.75588e+13
0.486823 3.75982e+13
0.486555 3.76376e+13
0.486287 3.76768e+13
0.486019 3.77161e+13
0.485752 3.77552e+13
0.485485 3.77944e+13
0.485219 3.78334e+13
0.484953 3.78724e+13
0.484687 3.79113e+13
0.484423 3.79501e+13
0.484158 3.79889e+13
0.483894 3.80275e+13
0.483631 3.80662e+13
0.483368 3.81047e+13
0.483105 3.81432e+13
0.482843 3.81816e+13
0.482582 3.82199e+13
0.482321 3.82581e+13
0.482061 3.82963e+13
0.481801 3.83344e+13
0.481542 3.83724e+13
0.481283 3.84103e+13
0.481025 3.84481e+13
0.480767 3.84859e+13
0.480511 3.85235e+13
0.480254 3.85611e+13
0.479999 3.85986e+13
0.479744 3.8636e+13
0.479489 3.86732e+13
0.479235 3.87105e+13
0.478982 3.87476e+13
0.47873 3.87846e+13
0.478478 3.88215e+13
0.478227 3.88583e+13
0.477976 3.8895e+13
0.477727 3.89316e+13
0.477478 3.89681e+13
0.477229 3.90045e+13
0.476982 3.90409e+13
0.476735 3.9077e+13
0.476489 3.91131e+13
0.476243 3.91491e+13
0.475999 3.91849e+13
0.475755 3.92207e+13
0.475512 3.92563e+13
0.47527 3.92918e+13
0.475029 3.93271e+13
0.474788 3.93624e+13
0.474549 3.93975e+13
0.47431 3.94325e+13
0.474072 3.94674e+13
0.473835 3.95021e+13
0.473599 3.95367e+13
0.473364 3.95712e+13
0.473129 3.96055e+13
0.472896 3.96397e+13
0.472664 3.96738e+13
0.472433 3.97077e+13
0.472202 3.97415e+13
0.471973 3.97751e+13
0.471745 3.98085e+13
0.471517 3.98418e+13
0.471291 3.9875e+13
0.471066 3.9908e+13
0.470842 3.99408e+13
0.470619 3.99735e+13
0.470397 4.0006e+13
0.470177 4.00384e+13
0.469957 4.00706e+13
0.469739 4.01026e+13
0.469717 4.01058e+13
0.469706 4.01074e+13
0.469701 4.01082e+13
0.469698 4.01086e+13
0.469698 4.01086e+13
0.469698 4.01086e+13
0.469697 4.01086e+13
0.469697 4.01087e+13
0.469697 4.01087e+13
0.469697 4.01087e+13
0.469697 4.01087e+13
0.469697 4.01087e+13
0.469697 4.01087e+13
0.469697 4.01087e+13
0.469697 4.01087e+13
0.469697 4.01087e+13
0.469697 4.01087e+13
0.469697 4.01087e+13
0.469697 4.01087e+13
0.469697 4.01087e+13
0.469697 4.01087e+13
0.469697 4.01087e+13
0.469697 4.01087e+13
0.469697 4.01087e+13
0.469697 4.01087e+13
0.469697 4.01087e+13
0.469697 4.01087e+13
0.469697 4.01087e+13
0.469697 4.01087e+13
0.469697 4.01087e+13
0.469697 4.01087e+13
0.469697 4.01087e+13
0.469697 4.01087e+13
0.469697 4.01087e+13
0.469697 4.01087e+13
0.469696 4.01088e+13
0.469694 4.01091e+13
0.469684 4.01108e+13
0.469633 4.01193e+13
0.469442 4.01512e+13
0.469251 4.0183e+13
0.469061 4.02147e+13
0.468872 4.02462e+13
0.468684 4.02775e+13
0.468498 4.03086e+13
0.468312 4.03396e+13
0.468128 4.03703e+13
0.467945 4.04008e+13
0.467763 4.04311e+13
0.467582 4.04612e+13
0.467403 4.04911e+13
0.467225 4.05208e+13
0.467048 4.05502e+13
0.466873 4.05795e+13
0.466699 4.06085e+13
0.466526 4.06373e+13
0.466355 4.06658e+13
0.466185 4.06941e+13
0.466017 4.07222e+13
0.46585 4.075e+13
0.465685 4.07776e+13
0.465521 4.08049e+13
0.465358 4.0832e+13
0.465198 4.08588e+13
0.465038 4.08854e+13
0.464881 4.09116e+13
0.464725 4.09376e+13
0.464571 4.09634e+13
0.464418 4.09888e+13
0.464267 4.1014e+13
0.464118 4.10388e+13
0.463971 4.10634e+13
0.463825 4.10877e+13
0.463681 4.11117e+13
0.463539 4.11353e+13
0.463399 4.11587e+13
0.463261 4.11817e+13
0.463125 4.12044e+13
0.462991 4.12268e+13
0.462858 4.12488e+13
0.462728 4.12705e+13
0.4626 4.12919e+13
0.462474 4.13129e+13
0.46235 4.13336e+13
0.462228 4.13539e+13
0.462108 4.13739e+13
0.461991 4.13934e+13
0.461876 4.14126e+13
0.461763 4.14315e+13
0.461652 4.14499e+13
0.461544 4.1468e+13
0.461438 4.14856e+13
0.461334 4.15029e+13
0.461233 4.15198e+13
0.461134 4.15362e+13
0.461038 4.15523e+13
0.460944 4.15679e+13
0.460853 4.15831e+13
0.460765 4.15979e+13
0.460679 4.16122e+13
0.460595 4.16261e+13
0.460515 4.16396e+13
0.460437 4.16526e+13
0.460361 4.16651e+13
0.460289 4.16772e+13
0.460219 4.16888e+13
0.460152 4.17e+13
0.460088 4.17107e+13
0.460027 4.17209e+13
0.459968 4.17306e+13
0.459913 4.17399e+13
0.45986 4.17487e+13
0.459811 4.17569e+13
0.459764 4.17647e+13
0.45972 4.1772e+13
0.45968 4.17788e+13
0.459642 4.17851e+13
0.459607 4.17908e+13
0.459576 4.17961e+13
0.459547 4.18009e+13
0.459522 4.18051e+13
0.4595 4.18088e+13
0.45948 4.1812e+13
0.459464 4.18147e+13
0.459451 4.18169e+13
0.459441 4.18185e+13
0.459435 4.18196e+13
0.459431 4.18202e+13
0.459431 4.18203e+13
0.459433 4.18198e+13
0.459439 4.18189e+13
0.459448 4.18174e+13
0.45946 4.18153e+13
0.459476 4.18128e+13
0.459494 4.18097e+13
0.459516 4.18061e+13
0.45954 4.1802e+13
0.459568 4.17974e+13
0.459599 4.17923e+13
0.459633 4.17866e+13
0.45967 4.17804e+13
0.45971 4.17738e+13
0.459753 4.17666e+13
0.459799 4.17589e+13
0.459848 4.17507e+13
0.4599 4.1742e+13
0.459955 4.17329e+13
0.460013 4.17232e+13
0.460074 4.17131e+13
0.460138 4.17024e+13
0.460204 4.16913e+13
0.460274 4.16797e+13
0.460346 4.16677e+13
0.460421 4.16551e+13
0.460499 4.16422e+13
0.46058 4.16287e+13
0.460663 4.16148e+13
0.460749 4.16005e+13
0.460838 4.15857e+13
0.460929 4.15705e+13
0.461023 4.15548e+13
0.461119 4.15388e+13
0.461218 4.15223e+13
0.46132 4.15053e+13
0.461424 4.1488e+13
0.46153 4.14703e+13
0.461639 4.14521e+13
0.46175 4.14336e+13
0.461864 4.14147e+13
0.46198 4.13953e+13
0.462098 4.13756e+13
0.462218 4.13555e+13
0.462341 4.13351e+13
0.462466 4.13143e+13
0.462593 4.12931e+13
0.462722 4.12715e+13
0.462854 4.12496e+13
0.462987 4.12274e+13
0.463122 4.12048e+13
0.46326 4.11819e+13
0.463399 4.11587e+13
0.463541 4.11351e+13
0.463684 4.11112e+13
0.463829 4.1087e+13
0.463976 4.10624e+13
0.464125 4.10376e+13
0.464276 4.10124e+13
0.464429 4.0987e+13
0.464583 4.09612e+13
0.46474 4.09352e+13
0.464897 4.09089e+13
0.465057 4.08822e+13
0.465218 4.08554e+13
0.465381 4.08282e+13
0.465546 4.08008e+13
0.465712 4.07731e+13
0.46588 4.07451e+13
0.466049 4.07169e+13
0.466219 4.06885e+13
0.466392 4.06598e+13
0.466565 4.06308e+13
0.466741 4.06016e+13
0.466917 4.05721e+13
0.467095 4.05425e+13
0.467275 4.05125e+13
0.467455 4.04824e+13
0.467638 4.0452e+13
0.467821 4.04215e+13
0.468006 4.03906e+13
0.468192 4.03596e+13
0.468379 4.03284e+13
0.468568 4.0297e+13
0.468757 4.02653e+13
0.468949 4.02335e+13
0.469141 4.02014e+13
0.469334 4.01692e+13
0.469529 4.01367e+13
0.469548 4.01335e+13
0.469646 4.01172e+13
0.469665 4.0114e+13
0.469675 4.01123e+13
0.46968 4.01115e+13
0.469682 4.01111e+13
0.469694 4.01091e+13
0.469695 4.0109e+13
0.469695 4.0109e+13
0.469697 4.01087e+13
0.469697 4.01087e+13
0.469697 4.01087e+13
0.469697 4.01087e+13
0.469697 4.01087e+13
0.469697 4.01087e+13
0.469697 4.01087e+13
0.469697 4.01087e+13
0.469697 4.01087e+13
0.469697 4.01087e+13
0.469697 4.01087e+13
0.469697 4.01087e+13
0.469697 4.01087e+13
0.469697 4.01087e+13
0.469697 4.01087e+13
0.469697 4.01087e+13
0.469697 4.01087e+13
0.469697 4.01087e+13
0.469697 4.01087e+13
0.469697 4.01087e+13
0.469697 4.01087e+13
0.469697 4.01087e+13
0.469697 4.01087e+13
0.469697 4.01087e+13
0.469697 4.01087e+13
0.469697 4.01086e+13
0.469699 4.01083e+13
0.469709 4.01068e+13
0.46976 4.00995e+13
0.469994 4.00652e+13
0.470217 4.00324e+13
0.470442 3.99995e+13
0.470668 3.99663e+13
0.470895 3.9933e+13
0.471124 3.98995e+13
0.471353 3.98659e+13
0.471584 3.9832e+13
0.471816 3.97981e+13
0.472049 3.97639e+13
0.472283 3.97296e+13
0.472518 3.96951e+13
0.472754 3.96605e+13
0.472991 3.96257e+13
0.47323 3.95908e+13
0.473469 3.95558e+13
0.473709 3.95205e+13
0.473951 3.94852e+13
0.474193 3.94497e+13
0.474436 3.9414e+13
0.47468 3.93782e+13
0.474925 3.93423e+13
0.475171 3.93063e+13
0.475418 3.92701e+13
0.475666 3.92338e+13
0.475914 3.91973e+13
0.476164 3.91607e+13
0.476414 3.9124e+13
0.476665 3.90872e+13
0.476917 3.90503e+13
0.47717 3.90132e+13
0.477424 3.8976e+13
0.477678 3.89387e+13
0.477933 3.89013e+13
0.478189 3.88638e+13
0.478446 3.88262e+13
0.478704 3.87884e+13
0.478962 3.87505e+13
0.479221 3.87126e+13
0.479481 3.86745e+13
0.479741 3.86363e+13
0.480002 3.85981e+13
0.480264 3.85597e+13
0.480527 3.85212e+13
0.48079 3.84826e+13
0.481054 3.84439e+13
0.481318 3.84052e+13
0.481583 3.83663e+13
0.481849 3.83274e+13
0.482115 3.82883e+13
0.482382 3.82492e+13
0.48265 3.821e+13
0.482918 3.81707e+13
0.483187 3.81313e+13
0.483456 3.80918e+13
0.483726 3.80522e+13
0.483996 3.80126e+13
0.484267 3.79729e+13
0.484539 3.7933e+13
0.484811 3.78932e+13
0.485084 3.78532e+13
0.485357 3.78132e+13
0.48563 3.7773e+13
0.485905 3.77328e+13
0.486179 3.76926e+13
0.486454 3.76522e+13
0.48673 3.76118e+13
0.487006 3.75713e+13
0.487283 3.75308e+13
0.48756 3.74901e+13
0.487838 3.74494e+13
0.488116 3.74087e+13
0.488395 3.73678e+13
0.488673 3.7327e+13
0.488953 3.7286e+13
0.489233 3.7245e+13
0.489513 3.72039e+13
0.489794 3.71628e+13
0.490075 3.71216e+13
0.490356 3.70803e+13
0.490638 3.7039e+13
0.49092 3.69976e+13
0.491203 3.69561e+13
0.491486 3.69146e+13
0.49177 3.68731e+13
0.492053 3.68315e+13
0.492338 3.67898e+13
0.492622 3.67481e+13
0.492907 3.67064e+13
0.493192 3.66646e+13
0.493478 3.66227e+13
0.493764 3.65808e+13
0.49405 3.65388e+13
0.494337 3.64968e+13
0.494624 3.64547e+13
0.494911 3.64126e+13
0.495199 3.63704e+13
0.495487 3.63282e+13
0.495775 3.6286e+13
0.496063 3.62437e+13
0.496352 3.62014e+13
0.496641 3.6159e+13
0.49693 3.61166e+13
0.49722 3.60741e+13
0.49751 3.60316e+13
0.4978 3.59891e+13
0.498091 3.59465e+13
0.498382 3.59038e+13
0.498673 3.58612e+13
0.498964 3.58185e+13
0.499256 3.57757e+13
0.499547 3.5733e+13
0.499839 3.56902e+13
0.500132 3.56473e+13
0.500424 3.56044e+13
0.500717 3.55615e+13
0.50101 3.55185e+13
0.501304 3.54755e+13
0.501597 3.54325e+13
0.501891 3.53895e+13
0.502185 3.53464e+13
0.502479 3.53032e+13
0.502773 3.52601e+13
0.503068 3.52169e+13
0.503363 3.51737e+13
0.503658 3.51304e+13
0.503953 3.50872e+13
0.504248 3.50439e+13
0.504544 3.50005e+13
0.50484 3.49572e+13
0.505136 3.49138e+13
0.505432 3.48704e+13
0.505728 3.48269e+13
0.506025 3.47835e+13
0.506321 3.474e+13
0.506618 3.46965e+13
0.506915 3.46529e+13
0.507212 3.46094e+13
0.50751 3.45658e+13
0.507807 3.45222e+13
0.508105 3.44786e+13
0.508403 3.44349e+13
0.508701 3.43912e+13
0.508999 3.43475e+13
0.509297 3.43038e+13
0.509595 3.42601e+13
0.509894 3.42163e+13
0.510192 3.41725e+13
0.510491 3.41287e+13
0.51079 3.40849e+13
0.511089 3.40411e+13
0.511388 3.39973e+13
0.511687 3.39534e+13
0.511987 3.39095e+13
0.512286 3.38656e+13
0.512586 3.38217e+13
0.512886 3.37777e+13
0.513186 3.37338e+13
0.513486 3.36898e+13
0.513786 3.36458e+13
0.514086 3.36018e+13
0.514386 3.35578e+13
0.514686 3.35138e+13
0.514987 3.34697e+13
0.515288 3.34256e+13
0.515588 3.33816e+13
0.515889 3.33375e+13
0.51619 3.32934e+13
0.516491 3.32493e+13
0.516791 3.32052e+13
0.517093 3.31611e+13
0.517394 3.31169e+13
0.517695 3.30728e+13
0.517996 3.30286e+13
0.518298 3.29844e+13
0.518599 3.29402e+13
0.5189 3.2896e+13
0.519202 3.28518e+13
0.519504 3.28076e+13
0.519805 3.27634e+13
0.520107 3.27192e+13
0.520409 3.26749e+13
0.520711 3.26307e+13
0.521013 3.25864e+13
0.521314 3.25422e+13
0.521616 3.24979e+13
0.521918 3.24536e+13
0.522221 3.24094e+13
0.522523 3.2365e+13
0.522825 3.23208e+13
0.523127 3.22765e+13
0.523429 3.22321e+13
0.523732 3.21878e+13
0.524034 3.21435e+13
0.524337 3.20992e+13
0.524639 3.20549e+13
0.524941 3.20105e+13
0.525244 3.19662e+13
0.525546 3.19219e+13
0.525849 3.18775e+13
0.526151 3.18332e+13
0.526454 3.17888e+13
0.526756 3.17445e+13
0.527059 3.17001e+13
0.527361 3.16558e+13
0.527664 3.16114e+13
0.527967 3.1567e+13
0.528269 3.15227e+13
0.528572 3.14783e+13
0.528875 3.1434e+13
0.529177 3.13896e+13
0.52948 3.13452e+13
0.529782 3.13009e+13
0.530085 3.12565e+13
0.530388 3.12122e+13
0.53069 3.11678e+13
0.530993 3.11234e+13
0.531296 3.10791e+13
0.531598 3.10347e+13
0.531901 3.09904e+13
0.532203 3.0946e+13
0.532506 3.09017e+13
0.532808 3.08573e+13
0.533111 3.0813e+13
0.533413 3.07686e+13
0.533716 3.07243e+13
0.534018 3.06799e+13
0.534321 3.06356e+13
0.534623 3.05913e+13
0.534926 3.05469e+13
0.535228 3.05026e+13
0.53553 3.04583e+13
0.535833 3.04139e+13
0.536135 3.03696e+13
0.536438 3.03253e+13
0.53674 3.0281e+13
0.537042 3.02367e+13
0.537344 3.01924e+13
0.537646 3.01481e+13
0.537949 3.01038e+13
0.538251 3.00595e+13
0.538553 3.00152e+13
0.538855 2.9971e+13
0.539157 2.99267e+13
0.539459 2.98824e+13
0.539761 2.98382e+13
0.540062 2.97939e+13
0.540364 2.97497e+13
0.540666 2.97055e+13
0.540968 2.96612e+13
0.54127 2.9617e+13
0.541571 2.95728e+13
0.541873 2.95286e+13
0.542174 2.94844e+13
0.542476 2.94402e+13
0.542777 2.9396e+13
0.543078 2.93518e+13
0.54338 2.93077e+13
0.543681 2.92635e+13
0.543982 2.92194e+13
0.544283 2.91752e+13
0.544584 2.91311e+13
0.544885 2.9087e+13
0.545186 2.90429e+13
0.545216 2.90385e+13
0.545367 2.90164e+13
0.545397 2.9012e+13
0.545412 2.90098e+13
0.545419 2.90087e+13
0.545423 2.90082e+13
0.545442 2.90054e+13
0.545451 2.9004e+13
0.545451 2.9004e+13
0.545454 2.90036e+13
0.545454 2.90036e+13
0.545455 2.90035e+13
0.545455 2.90035e+13
0.545455 2.90035e+13
0.545455 2.90035e+13
0.545455 2.90035e+13
0.545455 2.90035e+13
0.545455 2.90035e+13
0.545455 2.90035e+13
0.545455 2.90035e+13
0.545455 2.90035e+13
0.545455 2.90035e+13
0.545455 2.90035e+13
0.545455 2.90035e+13
0.545455 2.90035e+13
0.545455 2.90035e+13
0.545455 2.90035e+13
0.545455 2.90035e+13
0.545455 2.90035e+13
0.545455 2.90035e+13
0.545455 2.90035e+13
0.545455 2.90035e+13
0.545455 2.90035e+13
0.545455 2.90035e+13
0.545455 2.90035e+13
0.545458 2.90031e+13
0.545472 2.90016e+13
0.545544 2.89941e+13
0.54588 2.89585e+13
0.546288 2.89153e+13
0.546696 2.88722e+13
0.547103 2.8829e+13
0.547511 2.87859e+13
0.547918 2.87428e+13
0.548326 2.86996e+13
0.548733 2.86565e+13
0.54914 2.86134e+13
0.549547 2.85704e+13
0.549954 2.85273e+13
0.550361 2.84842e+13
0.550768 2.84412e+13
0.551175 2.83981e+13
0.551581 2.83551e+13
0.551987 2.83121e+13
0.552394 2.82691e+13
0.5528 2.82261e+13
0.553206 2.81831e+13
0.553612 2.81402e+13
0.554018 2.80972e+13
0.554424 2.80543e+13
0.554829 2.80114e+13
0.555235 2.79684e+13
0.55564 2.79256e+13
0.556045 2.78827e+13
0.55645 2.78398e+13
0.556855 2.77969e+13
0.55726 2.77541e+13
0.557665 2.77113e+13
0.558069 2.76684e+13
0.558474 2.76256e+13
0.558878 2.75828e+13
0.559282 2.75401e+13
0.559686 2.74973e+13
0.56009 2.74545e+13
0.560494 2.74118e+13
0.560535 2.74075e+13
0.560555 2.74054e+13
0.560565 2.74043e+13
0.56057 2.74038e+13
0.560595 2.74011e+13
0.560596 2.7401e+13
0.560603 2.74003e+13
0.560606 2.74e+13
0.560606 2.74e+13
0.560606 2.74e+13
0.560606 2.74e+13
0.560606 2.74e+13
0.560606 2.74e+13
0.560606 2.74e+13
0.560606 2.74e+13
0.560606 2.74e+13
0.560606 2.74e+13
0.560606 2.74e+13
0.560606 2.74e+13
0.560606 2.74e+13
0.560606 2.74e+13
0.560606 2.74e+13
0.560606 2.74e+13
0.560606 2.74e+13
0.560606 2.74e+13
0.560606 2.74e+13
0.560606 2.74e+13
0.560606 2.74e+13
0.560606 2.74e+13
0.560606 2.74e+13
0.560606 2.74e+13
0.560607 2.73999e+13
0.560609 2.73997e+13
0.560619 2.73988e+13
0.56067 2.7394e+13
0.560925 2.737e+13
0.561375 2.73277e+13
0.561826 2.72854e+13
0.562276 2.72432e+13
0.562727 2.72009e+13
0.563177 2.71586e+13
0.563627 2.71164e+13
0.564076 2.70741e+13
0.564526 2.70319e+13
0.564975 2.69897e+13
0.565425 2.69476e+13
0.565874 2.69054e+13
0.566323 2.68633e+13
0.566771 2.68211e+13
0.56722 2.6779e+13
0.567668 2.67369e+13
0.568116 2.66948e+13
0.568565 2.66528e+13
0.569012 2.66107e+13
0.56946 2.65687e+13
0.569907 2.65267e+13
0.570355 2.64847e+13
0.570802 2.64427e+13
0.571249 2.64007e+13
0.571696 2.63588e+13
0.572142 2.63169e+13
0.572589 2.6275e+13
0.573035 2.6233e+13
0.573481 2.61912e+13
0.573927 2.61493e+13
0.574373 2.61075e+13
0.574818 2.60656e+13
0.575263 2.60238e+13
0.575708 2.5982e+13
0.576153 2.59403e+13
0.576598 2.58985e+13
0.577042 2.58568e+13
0.577487 2.58151e+13
0.577931 2.57734e+13
0.578375 2.57317e+13
0.578818 2.56901e+13
0.579262 2.56484e+13
0.579705 2.56068e+13
0.580148 2.55652e+13
0.580591 2.55236e+13
0.581034 2.54821e+13
0.581476 2.54405e+13
0.581918 2.5399e+13
0.58236 2.53575e+13
0.582802 2.5316e+13
0.583244 2.52746e+13
0.583685 2.52331e+13
0.584126 2.51917e+13
0.584567 2.51503e+13
0.585008 2.51089e+13
0.585448 2.50676e+13
0.585889 2.50262e+13
0.586329 2.49849e+13
0.586769 2.49436e+13
0.587208 2.49023e+13
0.587648 2.48611e+13
0.588087 2.48198e+13
0.588526 2.47786e+13
0.588965 2.47374e+13
0.589403 2.46963e+13
0.589841 2.46551e+13
0.590279 2.4614e+13
0.590717 2.45729e+13
0.590761 2.45688e+13
0.590783 2.45667e+13
0.590892 2.45565e+13
0.590897 2.4556e+13
0.590899 2.45558e+13
0.5909 2.45557e+13
0.590906 2.45552e+13
0.590909 2.45549e+13
0.590909 2.45549e+13
0.590909 2.45549e+13
0.590909 2.45549e+13
0.590909 2.45549e+13
0.590909 2.45549e+13
0.590909 2.45549e+13
0.590909 2.45549e+13
0.590909 2.45549e+13
0.590909 2.45549e+13
0.590909 2.45549e+13
0.590909 2.45549e+13
0.590909 2.45549e+13
0.590909 2.45549e+13
0.590909 2.45549e+13
0.590909 2.45549e+13
0.590909 2.45549e+13
0.590909 2.45549e+13
0.590909 2.45549e+13
0.590909 2.45549e+13
0.590909 2.45549e+13
0.590909 2.45549e+13
0.590909 2.45549e+13
0.590909 2.45549e+13
0.590909 2.45549e+13
0.590909 2.45549e+13
0.590909 2.45549e+13
0.590909 2.45549e+13
0.590909 2.45549e+13
0.590909 2.45549e+13
0.59091 2.45548e+13
0.590913 2.45545e+13
0.590929 2.45532e+13
0.59101 2.45463e+13
0.591414 2.45118e+13
0.591892 2.4471e+13
0.592369 2.44303e+13
0.592846 2.43896e+13
0.593323 2.43489e+13
0.593799 2.43082e+13
0.594275 2.42676e+13
0.594751 2.4227e+13
0.595227 2.41864e+13
0.595702 2.41458e+13
0.596177 2.41053e+13
0.596652 2.40648e+13
0.597127 2.40242e+13
0.597601 2.39838e+13
0.598075 2.39433e+13
0.598549 2.39029e+13
0.599023 2.38624e+13
0.599496 2.3822e+13
0.599969 2.37817e+13
0.600442 2.37413e+13
0.600915 2.3701e+13
0.601387 2.36607e+13
0.601859 2.36204e+13
0.602331 2.35802e+13
0.602802 2.35399e+13
0.603273 2.34997e+13
0.603744 2.34595e+13
0.604215 2.34194e+13
0.604685 2.33792e+13
0.605155 2.33391e+13
0.605625 2.3299e+13
0.605672 2.3295e+13
0.605907 2.3275e+13
0.605954 2.3271e+13
0.605977 2.3269e+13
0.605989 2.3268e+13
0.606048 2.32629e+13
0.606051 2.32627e+13
0.606052 2.32626e+13
0.606059 2.32619e+13
0.60606 2.32619e+13
0.60606 2.32619e+13
0.60606 2.32619e+13
0.60606 2.32618e+13
0.60606 2.32618e+13
0.606061 2.32618e+13
0.606061 2.32618e+13
0.606061 2.32618e+13
0.606061 2.32618e+13
0.606061 2.32618e+13
0.606061 2.32618e+13
0.606061 2.32618e+13
0.606061 2.32618e+13
0.606061 2.32618e+13
0.606061 2.32618e+13
0.606061 2.32618e+13
0.606061 2.32618e+13
0.606061 2.32618e+13
0.606061 2.32618e+13
0.606061 2.32618e+13
0.606061 2.32618e+13
0.606061 2.32618e+13
0.606061 2.32618e+13
0.606061 2.32618e+13
0.606061 2.32618e+13
0.606061 2.32618e+13
0.606061 2.32618e+13
0.606062 2.32617e+13
0.606069 2.32611e+13
0.606103 2.32584e+13
0.606272 2.32446e+13
0.606761 2.32048e+13
0.60725 2.31651e+13
0.607738 2.31254e+13
0.608226 2.30857e+13
0.608713 2.30461e+13
0.6092 2.30065e+13
0.609686 2.2967e+13
0.610172 2.29275e+13
0.610657 2.2888e+13
0.611142 2.28486e+13
0.611626 2.28092e+13
0.61211 2.27699e+13
0.612593 2.27306e+13
0.613075 2.26914e+13
0.613557 2.26522e+13
0.614039 2.2613e+13
0.61452 2.25739e+13
0.615 2.25348e+13
0.61548 2.24958e+13
0.61596 2.24568e+13
0.616439 2.24178e+13
0.616917 2.23789e+13
0.617395 2.23401e+13
0.617873 2.23012e+13
0.618349 2.22625e+13
0.618826 2.22237e+13
0.619302 2.2185e+13
0.619777 2.21464e+13
0.620252 2.21078e+13
0.620726 2.20692e+13
0.6212 2.20307e+13
0.621673 2.19922e+13
0.622146 2.19537e+13
0.622618 2.19153e+13
0.62309 2.1877e+13
0.623561 2.18387e+13
0.624031 2.18004e+13
0.624502 2.17621e+13
0.624971 2.1724e+13
0.62544 2.16858e+13
0.625909 2.16477e+13
0.626377 2.16096e+13
0.626845 2.15716e+13
0.627312 2.15336e+13
0.627778 2.14957e+13
0.628244 2.14578e+13
0.62871 2.14199e+13
0.629175 2.13821e+13
0.629639 2.13443e+13
0.630103 2.13066e+13
0.630567 2.12689e+13
0.631029 2.12313e+13
0.631492 2.11937e+13
0.631954 2.11561e+13
0.632415 2.11186e+13
0.632876 2.10811e+13
0.633336 2.10437e+13
0.633796 2.10063e+13
0.634256 2.09689e+13
0.634714 2.09316e+13
0.635173 2.08943e+13
0.63563 2.08571e+13
0.636088 2.08199e+13
0.636544 2.07828e+13
0.637001 2.07457e+13
0.637456 2.07086e+13
0.637912 2.06716e+13
0.638366 2.06346e+13
0.638821 2.05977e+13
0.639274 2.05608e+13
0.639728 2.05239e+13
0.64018 2.04871e+13
0.640632 2.04503e+13
0.641084 2.04136e+13
0.641535 2.03769e+13
0.641986 2.03403e+13
0.642436 2.03036e+13
0.642886 2.02671e+13
0.643335 2.02306e+13
0.643783 2.01941e+13
0.644232 2.01576e+13
0.644679 2.01212e+13
0.645126 2.00849e+13
0.645573 2.00486e+13
0.646019 2.00123e+13
0.646464 1.99761e+13
0.64691 1.99399e+13
0.647354 1.99037e+13
0.647798 1.98676e+13
0.648242 1.98315e+13
0.648685 1.97955e+13
0.649127 1.97595e+13
0.649569 1.97236e+13
0.650011 1.96877e+13
0.650452 1.96518e+13
0.650892 1.9616e+13
0.651332 1.95802e+13
0.651772 1.95444e+13
0.652211 1.95087e+13
0.652649 1.94731e+13
0.653087 1.94375e+13
0.653525 1.94019e+13
0.653962 1.93663e+13
0.654398 1.93309e+13
0.654834 1.92954e+13
0.65527 1.926e+13
0.655705 1.92246e+13
0.656139 1.91893e+13
0.656573 1.9154e+13
0.657007 1.91187e+13
0.65744 1.90835e+13
0.657872 1.90483e+13
0.658304 1.90132e+13
0.658736 1.89781e+13
0.659167 1.89431e+13
0.659597 1.89081e+13
0.660027 1.88731e+13
0.660456 1.88382e+13
0.660885 1.88033e+13
0.661314 1.87685e+13
0.661742 1.87337e+13
0.662169 1.86989e+13
0.662596 1.86642e+13
0.663023 1.86295e+13
0.663449 1.85948e+13
0.663874 1.85602e+13
0.664299 1.85257e+13
0.664724 1.84911e+13
0.665148 1.84566e+13
0.665572 1.84222e+13
0.665995 1.83878e+13
0.666417 1.83534e+13
0.666839 1.83191e+13
0.667261 1.82848e+13
0.667682 1.82506e+13
0.668102 1.82164e+13
0.668523 1.81822e+13
0.668942 1.81481e+13
0.669361 1.8114e+13
0.66978 1.808e+13
0.670198 1.8046e+13
0.670616 1.8012e+13
0.671033 1.79781e+13
0.671449 1.79442e+13
0.671866 1.79103e+13
0.672281 1.78765e+13
0.672696 1.78428e+13
0.673111 1.78091e+13
0.673525 1.77754e+13
0.673939 1.77417e+13
0.674352 1.77081e+13
0.674765 1.76746e+13
0.675177 1.7641e+13
0.675589 1.76075e+13
0.676 1.75741e+13
0.676411 1.75407e+13
0.676821 1.75073e+13
0.677231 1.7474e+13
0.67764 1.74407e+13
0.678049 1.74075e+13
0.678458 1.73743e+13
0.678866 1.73411e+13
0.679273 1.7308e+13
0.67968 1.72749e+13
0.680086 1.72418e+13
0.680492 1.72088e+13
0.680898 1.71758e+13
0.681303 1.71429e+13
0.681707 1.711e+13
0.682111 1.70771e+13
0.682515 1.70443e+13
0.682918 1.70116e+13
0.68332 1.69788e+13
0.683722 1.69461e+13
0.684124 1.69135e+13
0.684525 1.68808e+13
0.684926 1.68483e+13
0.685326 1.68157e+13
0.685725 1.67832e+13
0.686125 1.67508e+13
0.686523 1.67183e+13
0.686922 1.66859e+13
0.687319 1.66536e+13
0.687717 1.66213e+13
0.688113 1.6589e+13
0.68851 1.65568e+13
0.688906 1.65246e+13
0.689301 1.64924e+13
0.689696 1.64603e+13
0.69009 1.64283e+13
0.690484 1.63962e+13
0.690878 1.63642e+13
0.691271 1.63323e+13
0.691663 1.63004e+13
0.692055 1.62685e+13
0.692447 1.62366e+13
0.692838 1.62048e+13
0.693228 1.61731e+13
0.693618 1.61413e+13
0.694008 1.61096e+13
0.694397 1.6078e+13
0.694786 1.60464e+13
0.695174 1.60148e+13
0.695562 1.59833e+13
0.695949 1.59518e+13
0.696336 1.59203e+13
0.696723 1.58889e+13
0.697109 1.58575e+13
0.697494 1.58262e+13
0.697879 1.57949e+13
0.698263 1.57636e+13
0.698647 1.57324e+13
0.699031 1.57012e+13
0.699414 1.567e+13
0.699797 1.56389e+13
0.700179 1.56078e+13
0.700561 1.55768e+13
0.700942 1.55458e+13
0.701323 1.55148e+13
0.701703 1.54839e+13
0.702083 1.5453e+13
0.702462 1.54221e+13
0.702841 1.53913e+13
0.703219 1.53605e+13
0.703597 1.53298e+13
0.703975 1.52991e+13
0.704352 1.52684e+13
0.704729 1.52378e+13
0.705105 1.52072e+13
0.70548 1.51767e+13
0.705855 1.51462e+13
0.70623 1.51157e+13
0.706604 1.50853e+13
0.706978 1.50549e+13
0.707351 1.50245e+13
0.707724 1.49942e+13
0.708097 1.49639e+13
0.708469 1.49336e+13
0.70884 1.49034e+13
0.709211 1.48733e+13
0.709582 1.48431e+13
0.709952 1.4813e+13
0.710322 1.4783e+13
0.710691 1.47529e+13
0.71106 1.47229e+13
0.711428 1.4693e+13
0.711796 1.46631e+13
0.712163 1.46332e+13
0.71253 1.46034e+13
0.712897 1.45736e+13
0.713263 1.45438e+13
0.713628 1.45141e+13
0.713993 1.44844e+13
0.714358 1.44547e+13
0.714722 1.44251e+13
0.715086 1.43955e+13
0.715449 1.4366e+13
0.715812 1.43365e+13
0.716174 1.4307e+13
0.716536 1.42776e+13
0.716898 1.42482e+13
0.717259 1.42188e+13
0.717619 1.41895e+13
0.71798 1.41602e+13
0.718339 1.4131e+13
0.718698 1.41018e+13
0.719057 1.40726e+13
0.719415 1.40434e+13
0.719773 1.40143e+13
0.72013 1.39853e+13
0.720487 1.39563e+13
0.720844 1.39273e+13
0.7212 1.38983e+13
0.721556 1.38694e+13
0.721911 1.38405e+13
0.722265 1.38117e+13
0.72262 1.37828e+13
0.722974 1.37541e+13
0.723327 1.37253e+13
0.72368 1.36966e+13
0.724032 1.3668e+13
0.724384 1.36393e+13
0.724736 1.36107e+13
0.725087 1.35822e+13
0.725438 1.35537e+13
0.725788 1.35252e+13
0.726138 1.34967e+13
0.726488 1.34683e+13
0.726837 1.34399e+13
0.727185 1.34116e+13
0.727533 1.33833e+13
0.727881 1.3355e+13
0.728228 1.33268e+13
0.728575 1.32986e+13
0.728921 1.32704e+13
0.729267 1.32423e+13
0.729612 1.32142e+13
0.729957 1.31861e+13
0.730302 1.31581e+13
0.730646 1.31301e+13
0.73099 1.31022e+13
0.731333 1.30743e+13
0.731676 1.30464e+13
0.732018 1.30185e+13
0.73236 1.29907e+13
0.732702 1.29629e+13
0.733043 1.29352e+13
0.733383 1.29075e+13
0.733723 1.28799e+13
0.734063 1.28522e+13
0.734403 1.28246e+13
0.734742 1.27971e+13
0.73508 1.27695e+13
0.735418 1.2742e+13
0.735756 1.27146e+13
0.736093 1.26872e+13
0.736429 1.26598e+13
0.736766 1.26324e+13
0.737102 1.26051e+13
0.737437 1.25778e+13
0.737772 1.25506e+13
0.738107 1.25234e+13
0.738441 1.24962e+13
0.738774 1.24691e+13
0.739108 1.2442e+13
0.73944 1.24149e+13
0.739773 1.23879e+13
0.740105 1.23609e+13
0.740436 1.23339e+13
0.740768 1.2307e+13
0.741098 1.22801e+13
0.741429 1.22532e+13
0.741758 1.22264e+13
0.742088 1.21996e+13
0.742417 1.21729e+13
0.742745 1.21462e+13
0.743073 1.21195e+13
0.743401 1.20929e+13
0.743728 1.20662e+13
0.744055 1.20396e+13
0.744382 1.20131e+13
0.744707 1.19866e+13
0.745033 1.19601e+13
0.745358 1.19337e+13
0.745683 1.19073e+13
0.746007 1.18809e+13
0.746331 1.18546e+13
0.746655 1.18283e+13
0.746978 1.1802e+13
0.7473 1.17758e+13
0.747622 1.17496e+13
0.747944 1.17234e+13
0.748265 1.16973e+13
0.748586 1.16712e+13
0.748907 1.16451e+13
0.749227 1.16191e+13
0.749547 1.1593e+13
0.749866 1.15671e+13
0.750185 1.15412e+13
0.750503 1.15153e+13
0.750821 1.14894e+13
0.751139 1.14636e+13
0.751456 1.14378e+13
0.751773 1.1412e+13
0.752089 1.13863e+13
0.752405 1.13606e+13
0.752721 1.13349e+13
0.753036 1.13093e+13
0.75335 1.12837e+13
0.753665 1.12582e+13
0.753978 1.12327e+13
0.754292 1.12072e+13
0.754605 1.11817e+13
0.754918 1.11563e+13
0.75523 1.11309e+13
0.755541 1.11055e+13
0.755853 1.10802e+13
0.756164 1.10549e+13
0.756474 1.10297e+13
0.756785 1.10044e+13
0.757094 1.09793e+13
0.757404 1.09541e+13
0.757712 1.0929e+13
0.758021 1.09039e+13
0.758329 1.08788e+13
0.758637 1.08538e+13
0.758944 1.08288e+13
0.759251 1.08039e+13
0.759557 1.0779e+13
0.759863 1.07541e+13
0.760169 1.07292e+13
0.760474 1.07044e+13
0.760779 1.06796e+13
0.761083 1.06549e+13
0.761387 1.06301e+13
0.761691 1.06055e+13
0.761994 1.05808e+13
0.762297 1.05562e+13
0.762599 1.05316e+13
0.762901 1.0507e+13
0.763203 1.04825e+13
0.763504 1.0458e+13
0.763804 1.04336e+13
0.764105 1.04091e+13
0.764405 1.03848e+13
0.764704 1.03604e+13
0.765003 1.03361e+13
0.765302 1.03118e+13
0.7656 1.02875e+13
0.765898 1.02633e+13
0.766196 1.02391e+13
0.766493 1.02149e+13
0.766789 1.01908e+13
0.767086 1.01667e+13
0.767382 1.01426e+13
0.767677 1.01186e+13
0.767972 1.00946e+13
0.768267 1.00706e+13
0.768561 1.00467e+13
0.768855 1.00228e+13
0.769149 9.99895e+12
0.769442 9.97511e+12
0.769735 9.9513e+12
0.770027 9.92754e+12
0.770319 9.9038e+12
0.77061 9.8801e+12
0.770901 9.85643e+12
0.771192 9.83279e+12
0.771482 9.80918e+12
0.771772 9.7856e+12
0.772062 9.76205e+12
0.772351 9.73854e+12
0.77264 9.71506e+12
0.772928 9.69161e+12
0.773216 9.66819e+12
0.773503 9.6448e+12
0.773791 9.62144e+12
0.774077 9.59812e+12
0.774364 9.57483e+12
0.77465 9.55157e+12
0.774936 9.52835e+12
0.775221 9.50516e+12
0.775505 9.48201e+12
0.77579 9.45888e+12
0.776074 9.43578e+12
0.776357 9.41271e+12
0.776641 9.38967e+12
0.776924 9.36667e+12
0.777206 9.3437e+12
0.777488 9.32076e+12
0.77777 9.29786e+12
0.778051 9.27498e+12
0.778332 9.25213e+12
0.778612 9.22932e+12
0.778893 9.20654e+12
0.779172 9.1838e+12
0.779451 9.16109e+12
0.77973 9.13841e+12
0.780009 9.11575e+12
0.780287 9.09312e+12
0.780565 9.07052e+12
0.780843 9.04796e+12
0.78112 9.02544e+12
0.781396 9.00295e+12
0.781672 8.98049e+12
0.781948 8.95806e+12
0.782224 8.93565e+12
0.782499 8.91328e+12
0.782773 8.89094e+12
0.783048 8.86864e+12
0.783322 8.84635e+12
0.783595 8.82411e+12
0.783868 8.80189e+12
0.784141 8.77971e+12
0.784414 8.75756e+12
0.784686 8.73544e+12
0.784957 8.71334e+12
0.785228 8.69129e+12
0.785499 8.66926e+12
0.78577 8.64726e+12
0.78604 8.62529e+12
0.78631 8.60336e+12
0.786579 8.58145e+12
0.786848 8.55957e+12
0.787117 8.53774e+12
0.787385 8.51593e+12
0.787653 8.49415e+12
0.78792 8.47241e+12
0.788187 8.45068e+12
0.788454 8.42899e+12
0.78872 8.40732e+12
0.788986 8.38569e+12
0.789252 8.36409e+12
0.789517 8.34252e+12
0.789782 8.32099e+12
0.790046 8.29948e+12
0.79031 8.278e+12
0.790574 8.25656e+12
0.790837 8.23516e+12
0.7911 8.21377e+12
0.791363 8.19242e+12
0.791625 8.1711e+12
0.791887 8.14981e+12
0.792148 8.12855e+12
0.792409 8.10732e+12
0.79267 8.08612e+12
0.79293 8.06495e+12
0.79319 8.04381e+12
0.79345 8.0227e+12
0.793709 8.00161e+12
0.793968 7.98057e+12
0.794226 7.95955e+12
0.794484 7.93856e+12
0.794742 7.9176e+12
0.795 7.89667e+12
0.795257 7.87576e+12
0.795513 7.85491e+12
0.795769 7.83407e+12
0.796025 7.81326e+12
0.796281 7.79249e+12
0.796536 7.77174e+12
0.796791 7.75102e+12
0.797045 7.73034e+12
0.797299 7.70969e+12
0.797552 7.68906e+12
0.797806 7.66847e+12
0.798059 7.6479e+12
0.798311 7.62736e+12
0.798563 7.60686e+12
0.798815 7.5864e+12
0.799066 7.56595e+12
0.799317 7.54554e+12
0.799568 7.52515e+12
0.799818 7.50481e+12
0.800068 7.48448e+12
0.800318 7.46419e+12
0.800567 7.44392e+12
0.800816 7.42368e+12
0.801064 7.40347e+12
0.801312 7.3833e+12
0.80156 7.36314e+12
0.801807 7.34303e+12
0.802054 7.32294e+12
0.802301 7.30288e+12
0.802547 7.28285e+12
0.802793 7.26285e+12
0.803039 7.24288e+12
0.803284 7.22294e+12
0.803529 7.20303e+12
0.803773 7.18316e+12
0.804017 7.16332e+12
0.804261 7.14349e+12
0.804504 7.1237e+12
0.804748 7.10393e+12
0.80499 7.0842e+12
0.805233 7.06448e+12
0.805475 7.04481e+12
0.805716 7.02516e+12
0.805957 7.00555e+12
0.806198 6.98597e+12
0.806439 6.96641e+12
0.806679 6.94687e+12
0.806919 6.92736e+12
0.807158 6.9079e+12
0.807397 6.88845e+12
0.807636 6.86903e+12
0.807874 6.84964e+12
0.808112 6.83028e+12
0.80835 6.81097e+12
0.808587 6.79167e+12
0.808824 6.77241e+12
0.809061 6.75316e+12
0.809297 6.73395e+12
0.809533 6.71477e+12
0.809768 6.69561e+12
0.810004 6.67649e+12
0.810238 6.65741e+12
0.810473 6.63835e+12
0.810707 6.61932e+12
0.81094 6.6003e+12
0.811174 6.58132e+12
0.811407 6.56237e+12
0.811639 6.54345e+12
0.811872 6.52457e+12
0.812104 6.50571e+12
0.812335 6.48688e+12
0.812566 6.46808e+12
0.812797 6.4493e+12
0.813028 6.43055e+12
0.813258 6.41184e+12
0.813488 6.39315e+12
0.813717 6.37449e+12
0.813946 6.35586e+12
0.814175 6.33725e+12
0.814403 6.31868e+12
0.814631 6.30014e+12
0.814859 6.28163e+12
0.815086 6.26313e+12
0.815313 6.24469e+12
0.81554 6.22625e+12
0.815766 6.20784e+12
0.815992 6.18946e+12
0.816218 6.17112e+12
0.816443 6.15281e+12
0.816668 6.13452e+12
0.816893 6.11626e+12
0.817117 6.09803e+12
0.81734 6.07983e+12
0.817564 6.06165e+12
0.817787 6.0435e+12
0.81801 6.02538e+12
0.818232 6.0073e+12
0.818455 5.98923e+12
0.818676 5.97119e+12
0.818898 5.95318e+12
0.819119 5.93521e+12
0.819339 5.91727e+12
0.81956 5.89935e+12
0.81978 5.88146e+12
0.819999 5.86359e+12
0.820219 5.84576e+12
0.820438 5.82795e+12
0.820656 5.81017e+12
0.820875 5.79242e+12
0.821092 5.7747e+12
0.82131 5.75701e+12
0.821527 5.73934e+12
0.821744 5.7217e+12
0.821961 5.70409e+12
0.822177 5.6865e+12
0.822393 5.66895e+12
0.822608 5.65142e+12
0.822824 5.63392e+12
0.823038 5.61645e+12
0.823253 5.59902e+12
0.823467 5.58162e+12
0.823681 5.56423e+12
0.823894 5.54687e+12
0.824107 5.52954e+12
0.82432 5.51223e+12
0.824532 5.49495e+12
0.824745 5.4777e+12
0.824956 5.46048e+12
0.825168 5.4433e+12
0.825379 5.42614e+12
0.825589 5.409e+12
0.8258 5.39189e+12
0.82601 5.37481e+12
0.82622 5.35775e+12
0.826429 5.34072e+12
0.826638 5.32371e+12
0.826847 5.30674e+12
0.827055 5.2898e+12
0.827263 5.27289e+12
0.827471 5.25602e+12
0.827678 5.23916e+12
0.827885 5.22233e+12
0.828091 5.20553e+12
0.828298 5.18876e+12
0.828504 5.17201e+12
0.828709 5.15528e+12
0.828914 5.13859e+12
0.829119 5.12193e+12
0.829324 5.10529e+12
0.829528 5.08868e+12
0.829732 5.07209e+12
0.829936 5.05554e+12
0.830139 5.03901e+12
0.830342 5.0225e+12
0.830545 5.00602e+12
0.830747 4.98958e+12
0.830949 4.97316e+12
0.83115 4.95677e+12
0.831352 4.9404e+12
0.831552 4.92406e+12
0.831753 4.90776e+12
0.831953 4.89147e+12
0.832153 4.87522e+12
0.832353 4.85899e+12
0.832552 4.84279e+12
0.832751 4.82661e+12
0.832949 4.81046e+12
0.833148 4.79434e+12
0.833346 4.77824e+12
0.833543 4.76217e+12
0.83374 4.74613e+12
0.833937 4.73013e+12
0.834134 4.71414e+12
0.83433 4.69818e+12
0.834526 4.68226e+12
0.834721 4.66636e+12
0.834917 4.65048e+12
0.835111 4.63464e+12
0.835306 4.61882e+12
0.8355 4.60303e+12
0.835694 4.58726e+12
0.835887 4.57152e+12
0.836081 4.55582e+12
0.836273 4.54014e+12
0.836466 4.52448e+12
0.836658 4.50884e+12
0.83685 4.49324e+12
0.837042 4.47766e+12
0.837233 4.4621e+12
0.837424 4.44657e+12
0.837614 4.43108e+12
0.837805 4.41561e+12
0.837994 4.40017e+12
0.838184 4.38477e+12
0.838373 4.36937e+12
0.838562 4.354e+12
0.838751 4.33866e+12
0.838939 4.32335e+12
0.839127 4.30807e+12
0.839315 4.29282e+12
0.839502 4.27758e+12
0.839689 4.26237e+12
0.839876 4.24719e+12
0.840062 4.23204e+12
0.840248 4.21692e+12
0.840434 4.20182e+12
0.840619 4.18675e+12
0.840804 4.17171e+12
0.840988 4.1567e+12
0.841173 4.14172e+12
0.841356 4.12676e+12
0.84154 4.11183e+12
0.841723 4.09692e+12
0.841906 4.08203e+12
0.842089 4.06718e+12
0.842272 4.05234e+12
0.842454 4.03753e+12
0.842635 4.02277e+12
0.842817 4.00802e+12
0.842997 3.99332e+12
0.843178 3.97863e+12
0.843358 3.96395e+12
0.843538 3.94932e+12
0.843718 3.9347e+12
0.843898 3.92011e+12
0.844077 3.90556e+12
0.844255 3.89102e+12
0.844434 3.87652e+12
0.844612 3.86205e+12
0.844789 3.84759e+12
0.844967 3.83317e+12
0.845144 3.81877e+12
0.84532 3.8044e+12
0.845497 3.79005e+12
0.845673 3.77571e+12
0.845849 3.76142e+12
0.846024 3.74715e+12
0.8462 3.7329e+12
0.846375 3.71868e+12
0.846549 3.70448e+12
0.846723 3.69032e+12
0.846897 3.67618e+12
0.847071 3.66207e+12
0.847244 3.64798e+12
0.847417 3.63392e+12
0.847589 3.61988e+12
0.847762 3.60587e+12
0.847933 3.5919e+12
0.848105 3.57795e+12
0.848276 3.56403e+12
0.848447 3.55013e+12
0.848618 3.53626e+12
0.848788 3.52241e+12
0.848958 3.50859e+12
0.849128 3.49478e+12
0.849297 3.48102e+12
0.849466 3.46727e+12
0.849635 3.45355e+12
0.849803 3.43986e+12
0.849971 3.42618e+12
0.850139 3.41254e+12
0.850307 3.39892e+12
0.850474 3.38533e+12
0.85064 3.37178e+12
0.850807 3.35824e+12
0.850973 3.34473e+12
0.851139 3.33124e+12
0.851304 3.31779e+12
0.851469 3.30436e+12
0.851634 3.29094e+12
0.851799 3.27756e+12
0.851963 3.26421e+12
0.852127 3.25087e+12
0.85229 3.23758e+12
0.852454 3.22431e+12
0.852616 3.21107e+12
0.852779 3.19784e+12
0.852941 3.18463e+12
0.853103 3.17146e+12
0.853265 3.15831e+12
0.853426 3.1452e+12
0.853587 3.13211e+12
0.853748 3.11904e+12
0.853909 3.10598e+12
0.854069 3.09297e+12
0.854228 3.07999e+12
0.854388 3.06702e+12
0.854547 3.05408e+12
0.854705 3.04118e+12
0.854864 3.02829e+12
0.855022 3.01542e+12
0.85518 3.00259e+12
0.855337 2.9898e+12
0.855494 2.97702e+12
0.855651 2.96427e+12
0.855808 2.95155e+12
0.855964 2.93884e+12
0.85612 2.92616e+12
0.856276 2.91349e+12
0.856431 2.90087e+12
0.856586 2.88828e+12
0.85674 2.87571e+12
0.856895 2.86315e+12
0.857049 2.85063e+12
0.857202 2.83813e+12
0.857356 2.82566e+12
0.857509 2.81321e+12
0.857662 2.80078e+12
0.857814 2.78839e+12
0.857966 2.77602e+12
0.858118 2.76368e+12
0.858269 2.75136e+12
0.85842 2.73906e+12
0.858571 2.72681e+12
0.858721 2.71458e+12
0.858872 2.70238e+12
0.859021 2.6902e+12
0.859171 2.67804e+12
0.85932 2.6659e+12
0.859469 2.65379e+12
0.859617 2.64173e+12
0.859766 2.62967e+12
0.859914 2.61763e+12
0.860061 2.60563e+12
0.860208 2.59365e+12
0.860355 2.58171e+12
0.860502 2.56977e+12
0.860649 2.55786e+12
0.860794 2.546e+12
0.86094 2.53415e+12
0.861086 2.52233e+12
0.861231 2.51053e+12
0.861376 2.49874e+12
0.86152 2.48701e+12
0.861664 2.4753e+12
0.861808 2.4636e+12
0.861951 2.45193e+12
0.862094 2.4403e+12
0.862237 2.42868e+12
0.86238 2.4171e+12
0.862522 2.40552e+12
0.862664 2.39399e+12
0.862805 2.38248e+12
0.862946 2.37099e+12
0.863087 2.35952e+12
0.863228 2.34808e+12
0.863368 2.33668e+12
0.863508 2.3253e+12
0.863648 2.31394e+12
0.863787 2.30262e+12
0.863926 2.29131e+12
0.864065 2.28003e+12
0.864203 2.26878e+12
0.864341 2.25755e+12
0.864479 2.24634e+12
0.864617 2.23517e+12
0.864754 2.22404e+12
0.86489 2.2129e+12
0.865027 2.2018e+12
0.865163 2.19072e+12
0.865299 2.17967e+12
0.865435 2.16864e+12
0.86557 2.15765e+12
0.865705 2.14668e+12
0.865839 2.13573e+12
0.865974 2.12481e+12
0.866108 2.11392e+12
0.866241 2.10305e+12
0.866375 2.09221e+12
0.866508 2.08139e+12
0.86664 2.07061e+12
0.866773 2.05984e+12
0.866905 2.04911e+12
0.867036 2.03841e+12
0.867168 2.02772e+12
0.867299 2.01705e+12
0.86743 2.00641e+12
0.86756 1.99579e+12
0.86769 1.98521e+12
0.86782 1.97467e+12
0.867949 1.96414e+12
0.868079 1.95363e+12
0.868208 1.94314e+12
0.868336 1.93269e+12
0.868464 1.92226e+12
0.868592 1.91186e+12
0.86872 1.90149e+12
0.868847 1.89115e+12
0.868974 1.88083e+12
0.8691 1.87053e+12
0.869227 1.86024e+12
0.869353 1.85001e+12
0.869478 1.83979e+12
0.869604 1.82961e+12
0.869729 1.81944e+12
0.869853 1.80931e+12
0.869978 1.7992e+12
0.870101 1.78912e+12
0.870225 1.77905e+12
0.870349 1.76901e+12
0.870472 1.759e+12
0.870595 1.74901e+12
0.870717 1.73905e+12
0.870839 1.72912e+12
0.870961 1.71922e+12
0.871082 1.70935e+12
0.871204 1.69949e+12
0.871324 1.68966e+12
0.871445 1.67988e+12
0.871565 1.6701e+12
0.871685 1.66036e+12
0.871805 1.65062e+12
0.871924 1.64093e+12
0.872043 1.63125e+12
0.872161 1.62162e+12
0.87228 1.61199e+12
0.872397 1.60241e+12
0.872515 1.59283e+12
0.872633 1.58329e+12
0.872749 1.57379e+12
0.872866 1.56432e+12
0.872982 1.55485e+12
0.873098 1.54542e+12
0.873214 1.53601e+12
0.873329 1.52663e+12
0.873444 1.51728e+12
0.873559 1.50797e+12
0.873673 1.49868e+12
0.873787 1.48941e+12
0.873901 1.48017e+12
0.874014 1.47096e+12
0.874127 1.46176e+12
0.87424 1.4526e+12
0.874352 1.44346e+12
0.874464 1.43435e+12
0.874576 1.42526e+12
0.874687 1.41619e+12
0.874798 1.40716e+12
0.874909 1.39815e+12
0.87502 1.38915e+12
0.87513 1.38018e+12
0.87524 1.37125e+12
0.875349 1.36237e+12
0.875458 1.3535e+12
0.875567 1.34465e+12
0.875676 1.33582e+12
0.875784 1.32704e+12
0.875891 1.31827e+12
0.875999 1.30953e+12
0.876106 1.30081e+12
0.876213 1.29211e+12
0.876319 1.28346e+12
0.876425 1.27484e+12
0.876531 1.26624e+12
0.876637 1.25766e+12
0.876742 1.24912e+12
0.876846 1.2406e+12
0.876951 1.23211e+12
0.877055 1.22364e+12
0.877159 1.21519e+12
0.877262 1.20678e+12
0.877365 1.1984e+12
0.877468 1.19003e+12
0.877571 1.18169e+12
0.877673 1.17337e+12
0.877775 1.16509e+12
0.877876 1.15684e+12
0.877978 1.14861e+12
0.878078 1.1404e+12
0.878179 1.13224e+12
0.878279 1.12408e+12
0.878379 1.11596e+12
0.878479 1.10787e+12
0.878578 1.09981e+12
0.878676 1.09177e+12
0.878775 1.08377e+12
0.878785 1.08297e+12
0.878785 1.08293e+12
0.878787 1.08277e+12
0.878787 1.08276e+12
0.878788 1.08272e+12
0.878788 1.08272e+12
0.878788 1.08272e+12
0.878788 1.08272e+12
0.878788 1.08271e+12
0.878788 1.08271e+12
0.878788 1.08271e+12
0.878788 1.08271e+12
0.878788 1.08271e+12
0.878788 1.08271e+12
0.878788 1.08271e+12
0.878788 1.08271e+12
0.878788 1.08271e+12
0.878788 1.08271e+12
0.878788 1.08271e+12
0.878788 1.08271e+12
0.878788 1.08271e+12
0.878788 1.08271e+12
0.878788 1.08271e+12
0.878788 1.08271e+12
0.878788 1.08271e+12
0.878788 1.08271e+12
0.878788 1.08269e+12
0.878789 1.08262e+12
0.878794 1.08226e+12
0.87882 1.08043e+12
0.878929 1.07263e+12
0.879034 1.06514e+12
0.879138 1.05766e+12
0.879243 1.05021e+12
0.879347 1.04279e+12
0.87945 1.03539e+12
0.879553 1.02802e+12
0.879656 1.02068e+12
0.879758 1.01336e+12
0.879861 1.00605e+12
0.879963 9.98771e+11
0.880064 9.91523e+11
0.880165 9.84315e+11
0.880266 9.771e+11
0.880366 9.69933e+11
0.880466 9.62777e+11
0.880566 9.55637e+11
0.880665 9.48545e+11
0.880765 9.41453e+11
0.880863 9.34409e+11
0.880962 9.27384e+11
0.88106 9.20381e+11
0.881157 9.13406e+11
0.881255 9.06449e+11
0.881352 8.9952e+11
0.881448 8.92613e+11
0.881544 8.85733e+11
0.88164 8.78881e+11
0.881736 8.72051e+11
0.881831 8.65239e+11
0.881926 8.58459e+11
0.882021 8.51694e+11
0.882115 8.44967e+11
0.882208 8.38284e+11
0.882302 8.31599e+11
0.882395 8.24951e+11
0.882488 8.18331e+11
0.88258 8.11722e+11
0.882672 8.05158e+11
0.882764 7.98614e+11
0.882855 7.92083e+11
0.882946 7.85578e+11
0.883036 7.79119e+11
0.883126 7.72692e+11
0.883216 7.66283e+11
0.883305 7.59898e+11
0.883394 7.53542e+11
0.883483 7.47209e+11
0.883571 7.40901e+11
0.88366 7.34591e+11
0.883747 7.28332e+11
0.883834 7.22116e+11
0.883921 7.15907e+11
0.884007 7.09736e+11
0.884094 7.03585e+11
0.884179 6.97454e+11
0.884265 6.91348e+11
0.88435 6.85271e+11
0.884435 6.79219e+11
0.884519 6.73195e+11
0.884603 6.6721e+11
0.884686 6.61259e+11
0.884769 6.55321e+11
0.884852 6.49398e+11
0.884934 6.43504e+11
0.885016 6.37643e+11
0.885098 6.31811e+11
0.885179 6.25998e+11
0.88526 6.20213e+11
0.885341 6.14454e+11
0.885421 6.08733e+11
0.885501 6.03022e+11
0.88558 5.97351e+11
0.885659 5.917e+11
0.885738 5.86085e+11
0.885816 5.80496e+11
0.885894 5.74912e+11
0.885972 5.69363e+11
0.886049 5.6384e+11
0.886126 5.58347e+11
0.886203 5.52877e+11
0.886279 5.47447e+11
0.886354 5.42041e+11
0.886429 5.36682e+11
0.886504 5.31337e+11
0.886579 5.26007e+11
0.886653 5.20707e+11
0.886727 5.15433e+11
0.8868 5.10208e+11
0.886872 5.0502e+11
0.886945 4.99824e+11
0.887017 4.94676e+11
0.887089 4.8956e+11
0.88716 4.84475e+11
0.887231 4.79407e+11
0.887301 4.74375e+11
0.887371 4.69365e+11
0.887441 4.6438e+11
0.88751 4.59427e+11
0.887579 4.54508e+11
0.887647 4.4963e+11
0.887716 4.44767e+11
0.887783 4.39939e+11
0.88785 4.35125e+11
0.887917 4.30352e+11
0.887984 4.25607e+11
0.888049 4.20907e+11
0.888115 4.16227e+11
0.88818 4.11584e+11
0.888245 4.06961e+11
0.888309 4.0236e+11
0.888373 3.97796e+11
0.888437 3.93243e+11
0.888499 3.88755e+11
0.888562 3.84294e+11
0.888624 3.79847e+11
0.888686 3.75434e+11
0.888747 3.71056e+11
0.888808 3.66693e+11
0.888869 3.62366e+11
0.888929 3.58086e+11
0.888988 3.5382e+11
0.889047 3.49596e+11
0.889106 3.45374e+11
0.889165 3.4119e+11
0.889223 3.37044e+11
0.889281 3.32932e+11
0.889338 3.28845e+11
0.889394 3.24798e+11
0.889451 3.20783e+11
0.889507 3.16785e+11
0.889562 3.1282e+11
0.889617 3.08902e+11
0.889672 3.04995e+11
0.889726 3.01109e+11
0.88978 2.97264e+11
0.889833 2.93447e+11
0.889886 2.89674e+11
0.889938 2.85936e+11
0.88999 2.82237e+11
0.890041 2.78558e+11
0.890093 2.74904e+11
0.890143 2.71275e+11
0.890194 2.67695e+11
0.890243 2.64136e+11
0.890293 2.60592e+11
0.890342 2.57089e+11
0.890391 2.53613e+11
0.890439 2.50169e+11
0.890486 2.46761e+11
0.890534 2.43392e+11
0.89058 2.40048e+11
0.890627 2.36735e+11
0.890673 2.33448e+11
0.890718 2.30203e+11
0.890763 2.26982e+11
0.890808 2.2379e+11
0.890852 2.20632e+11
0.890896 2.17495e+11
0.890939 2.14396e+11
0.890982 2.11323e+11
0.891025 2.08294e+11
0.891067 2.05292e+11
0.891108 2.02321e+11
0.89115 1.9936e+11
0.891191 1.96439e+11
0.891231 1.93553e+11
0.891271 1.90701e+11
0.89131 1.87883e+11
0.89135 1.85082e+11
0.891388 1.82317e+11
0.891427 1.79584e+11
0.891465 1.76874e+11
0.891502 1.7419e+11
0.891539 1.71548e+11
0.891576 1.6893e+11
0.891612 1.66348e+11
0.891648 1.63755e+11
0.891683 1.61225e+11
0.891719 1.58715e+11
0.891753 1.56237e+11
0.891788 1.53783e+11
0.891821 1.5137e+11
0.891855 1.4898e+11
0.891888 1.46617e+11
0.891921 1.44283e+11
0.891953 1.41974e+11
0.891985 1.39695e+11
0.892016 1.37443e+11
0.892047 1.35216e+11
0.892078 1.33026e+11
0.892108 1.30855e+11
0.892139 1.28697e+11