0.892101 1.31374e+11

0.892079 1.32981e+11
0.892055 1.34693e+11
0.892031 1.36422e+11
0.892006 1.38169e+11
0.891981 1.39933e+11
0.891957 1.41714e+11
0.891931 1.43513e+11
0.891906 1.45331e+11
0.89188 1.47166e+11
0.891854 1.49018e+11
0.891828 1.50889e+11
0.891802 1.52778e+11
0.891775 1.54685e+11
0.891748 1.56611e+11
0.891721 1.58555e+11
0.891693 1.60518e+11
0.891666 1.625e+11
0.891638 1.64501e+11
0.891609 1.6652e+11
0.891581 1.6856e+11
0.891552 1.70618e+11
0.891523 1.72696e+11
0.891494 1.74793e+11
0.891464 1.7691e+11
0.891434 1.79046e+11
0.891404 1.81202e+11
0.891373 1.83378e+11
0.891343 1.85575e+11
0.891312 1.87791e+11
0.89128 1.90028e+11
0.891249 1.92285e+11
0.891217 1.94562e+11
0.891185 1.9686e+11
0.891152 1.9918e+11
0.89112 2.01519e+11
0.891087 2.0388e+11
0.891053 2.06262e+11
0.89102 2.08665e+11
0.890986 2.1109e+11
0.890951 2.13537e+11
0.890917 2.16005e+11
0.890882 2.18495e+11
0.890847 2.21007e+11
0.890811 2.23541e+11
0.890776 2.26097e+11
0.89074 2.28674e+11
0.890703 2.31275e+11
0.890666 2.33897e+11
0.890629 2.36542e+11
0.890592 2.3921e+11
0.890554 2.419e+11
0.890517 2.44614e+11
0.890478 2.4735e+11
0.89044 2.5011e+11
0.890401 2.52892e+11
0.890361 2.55699e+11
0.890322 2.58529e+11
0.890282 2.61382e+11
0.890242 2.64258e+11
0.890201 2.6716e+11
0.89016 2.70084e+11
0.890119 2.73033e+11
0.890077 2.76006e+11
0.890035 2.79004e+11
0.889993 2.82024e+11
0.88995 2.8507e+11
0.889907 2.8814e+11
0.889864 2.91235e+11
0.88982 2.94355e+11
0.889776 2.97499e+11
0.889732 3.00668e+11
0.889687 3.03863e+11
0.889642 3.07082e+11
0.889597 3.10327e+11
0.889551 3.13598e+11
0.889505 3.16894e+11
0.889459 3.20215e+11
0.889412 3.23562e+11
0.889364 3.26936e+11
0.889317 3.30335e+11
0.889269 3.3376e+11
0.889221 3.37211e+11
0.889172 3.40688e+11
0.889123 3.44192e+11
0.889074 3.47722e+11
0.889024 3.51279e+11
0.888974 3.54863e+11
0.888923 3.58473e+11
0.888872 3.6211e+11
0.888821 3.65774e+11
0.888769 3.69465e+11
0.888717 3.73182e+11
0.888665 3.76928e+11
0.888612 3.807e+11
0.888559 3.845e+11
0.888505 3.88327e+11
0.888451 3.92181e+11
0.888397 3.96063e+11
0.888342 3.99972e+11
0.888287 4.0391e+11
0.888232 4.07876e+11
0.888176 4.11869e+11
0.88812 4.15891e+11
0.888063 4.19942e+11
0.888006 4.24019e+11
0.887948 4.28125e+11
0.887891 4.32258e+11
0.887832 4.36422e+11
0.887774 4.40613e+11
0.887715 4.44834e+11
0.887655 4.49082e+11
0.887595 4.53359e+11
0.887535 4.57666e+11
0.887474 4.62e+11
0.887413 4.66362e+11
0.887352 4.70756e+11
0.88729 4.75178e+11
0.887228 4.7963e+11
0.887165 4.84111e+11
0.887102 4.88621e+11
0.887038 4.9316e+11
0.886974 4.97728e+11
0.88691 5.02326e+11
0.886845 5.06954e+11
0.88678 5.11611e+11
0.886714 5.16298e+11
0.886648 5.21013e+11
0.886582 5.2576e+11
0.886515 5.30537e+11
0.886448 5.35342e+11
0.88638 5.40178e+11
0.886312 5.45043e+11
0.886244 5.49939e+11
0.886175 5.54864e+11
0.886105 5.59821e+11
0.886036 5.64807e+11
0.885965 5.69824e+11
0.885895 5.74871e+11
0.885824 5.79948e+11
0.885752 5.85055e+11
0.88568 5.90193e+11
0.885608 5.95361e+11
0.885535 6.0056e+11
0.885462 6.0579e+11
0.885388 6.11049e+11
0.885314 6.1634e+11
0.88524 6.21661e+11
0.885165 6.27014e+11
0.88509 6.32397e+11
0.885014 6.37811e+11
0.884938 6.43254e+11
0.884861 6.4873e+11
0.884784 6.54236e+11
0.884707 6.59772e+11
0.884629 6.65339e+11
0.88455 6.70937e+11
0.884472 6.76565e+11
0.884392 6.82225e+11
0.884313 6.87916e+11
0.884233 6.93637e+11
0.884152 6.99391e+11
0.884071 7.05175e+11
0.88399 7.10991e+11
0.883908 7.16838e+11
0.883826 7.22715e+11
0.883743 7.28625e+11
0.88366 7.34565e+11
0.883576 7.40535e+11
0.883492 7.46538e+11
0.883408 7.5257e+11
0.883323 7.58634e+11
0.883238 7.6473e+11
0.883152 7.70857e+11
0.883066 7.77016e+11
0.882979 7.83206e+11
0.882892 7.89426e+11
0.882805 7.95678e+11
0.882717 8.01961e+11
0.882628 8.08277e+11
0.88254 8.14621e+11
0.88245 8.20998e+11
0.882361 8.27406e+11
0.882271 8.33846e+11
0.88218 8.40317e+11
0.882089 8.46819e+11
0.881998 8.53352e+11
0.881906 8.59916e+11
0.881813 8.66512e+11
0.881721 8.73139e+11
0.881628 8.79798e+11
0.881534 8.86488e+11
0.88144 8.93208e+11
0.881345 8.9996e+11
0.88125 9.06743e+11
0.881155 9.13559e+11
0.881059 9.20403e+11
0.880963 9.2728e+11
0.880866 9.34187e+11
0.880769 9.41126e+11
0.880672 9.48096e+11
0.880574 9.55097e+11
0.880475 9.62128e+11
0.880377 9.69191e+11
0.880277 9.76285e+11
0.880178 9.8341e+11
0.880077 9.90564e+11
0.879977 9.97751e+11
0.879876 1.00497e+12
0.879774 1.01222e+12
0.879673 1.0195e+12
0.87957 1.02681e+12
0.879467 1.03415e+12
0.879364 1.04153e+12
0.879261 1.04893e+12
0.879157 1.05637e+12
0.879052 1.06383e+12
0.878947 1.07133e+12
0.878842 1.07886e+12
0.878831 1.07961e+12
0.878826 1.07999e+12
0.8788 1.08187e+12
0.878789 1.08264e+12
0.878788 1.08268e+12
0.878788 1.08269e+12
0.878788 1.0827e+12
0.878788 1.08271e+12
0.878788 1.08271e+12
0.878788 1.08271e+12
0.878788 1.08271e+12
0.878788 1.08271e+12
0.878788 1.08271e+12
0.878788 1.08271e+12
0.878788 1.08271e+12
0.878788 1.08271e+12
0.878788 1.08271e+12
0.878788 1.08271e+12
0.878788 1.08271e+12
0.878788 1.08271e+12
0.878788 1.08271e+12
0.878788 1.08271e+12
0.878788 1.08271e+12
0.878788 1.08271e+12
0.878788 1.08271e+12
0.878788 1.08271e+12
0.878788 1.08271e+12
0.878788 1.08271e+12
0.878788 1.08271e+12
0.878788 1.08272e+12
0.878788 1.08272e+12
0.878787 1.08277e+12
0.878784 1.08299e+12
0.878771 1.08409e+12
0.878703 1.08962e+12
0.878609 1.09722e+12
0.878516 1.10486e+12
0.878421 1.11252e+12
0.878327 1.12022e+12
0.878232 1.12794e+12
0.878136 1.1357e+12
0.878041 1.14349e+12
0.877944 1.15131e+12
0.877848 1.15916e+12
0.877751 1.16703e+12
0.877654 1.17495e+12
0.877556 1.18289e+12
0.877458 1.19086e+12
0.87736 1.19886e+12
0.877261 1.2069e+12
0.877162 1.21496e+12
0.877062 1.22305e+12
0.876962 1.23118e+12
0.876862 1.23933e+12
0.876761 1.24752e+12
0.87666 1.25573e+12
0.876559 1.26398e+12
0.876457 1.27226e+12
0.876355 1.28056e+12
0.876253 1.28889e+12
0.87615 1.29726e+12
0.876046 1.30566e+12
0.875943 1.31408e+12
0.875839 1.32254e+12
0.875735 1.33102e+12
0.87563 1.33954e+12
0.875525 1.34808e+12
0.875419 1.35666e+12
0.875313 1.36526e+12
0.875207 1.3739e+12
0.875101 1.38257e+12
0.874994 1.39126e+12
0.874887 1.39998e+12
0.874779 1.40874e+12
0.874671 1.41752e+12
0.874563 1.42633e+12
0.874454 1.43518e+12
0.874345 1.44405e+12
0.874235 1.45295e+12
0.874125 1.46188e+12
0.874015 1.47084e+12
0.873905 1.47983e+12
0.873794 1.48885e+12
0.873683 1.4979e+12
0.873571 1.50698e+12
0.873459 1.51608e+12
0.873347 1.52522e+12
0.873234 1.53438e+12
0.873121 1.54358e+12
0.873007 1.5528e+12
0.872894 1.56205e+12
0.87278 1.57133e+12
0.872665 1.58064e+12
0.87255 1.58998e+12
0.872435 1.59935e+12
0.87232 1.60874e+12
0.872204 1.61816e+12
0.872087 1.62762e+12
0.871971 1.6371e+12
0.871854 1.64661e+12
0.871737 1.65615e+12
0.871619 1.66572e+12
0.871501 1.67532e+12
0.871383 1.68494e+12
0.871264 1.69459e+12
0.871145 1.70427e+12
0.871025 1.71398e+12
0.870906 1.72372e+12
0.870786 1.73349e+12
0.870665 1.74328e+12
0.870544 1.7531e+12
0.870423 1.76295e+12
0.870302 1.77283e+12
0.87018 1.78274e+12
0.870058 1.79267e+12
0.869935 1.80264e+12
0.869812 1.81263e+12
0.869689 1.82265e+12
0.869566 1.83269e+12
0.869442 1.84276e+12
0.869318 1.85287e+12
0.869193 1.86299e+12
0.869068 1.87315e+12
0.868943 1.88333e+12
0.868817 1.89355e+12
0.868691 1.90379e+12
0.868565 1.91405e+12
0.868439 1.92435e+12
0.868312 1.93467e+12
0.868184 1.94502e+12
0.868057 1.95539e+12
0.867929 1.9658e+12
0.867801 1.97623e+12
0.867672 1.98668e+12
0.867543 1.99717e+12
0.867414 2.00768e+12
0.867284 2.01822e+12
0.867154 2.02879e+12
0.867024 2.03938e+12
0.866894 2.05e+12
0.866763 2.06065e+12
0.866631 2.07132e+12
0.8665 2.08202e+12
0.866368 2.09275e+12
0.866236 2.10351e+12
0.866103 2.11429e+12
0.86597 2.1251e+12
0.865837 2.13593e+12
0.865703 2.14679e+12
0.865569 2.15768e+12
0.865435 2.1686e+12
0.865301 2.17954e+12
0.865166 2.1905e+12
0.865031 2.2015e+12
0.864895 2.21252e+12
0.864759 2.22357e+12
0.864623 2.23464e+12
0.864487 2.24574e+12
0.86435 2.25687e+12
0.864213 2.26802e+12
0.864075 2.2792e+12
0.863937 2.2904e+12
0.863799 2.30163e+12
0.863661 2.31289e+12
0.863522 2.32417e+12
0.863383 2.33548e+12
0.863244 2.34681e+12
0.863104 2.35817e+12
0.862964 2.36956e+12
0.862824 2.38097e+12
0.862683 2.39241e+12
0.862542 2.40387e+12
0.862401 2.41537e+12
0.862259 2.42688e+12
0.862117 2.43843e+12
0.861975 2.44999e+12
0.861832 2.46159e+12
0.86169 2.47321e+12
0.861546 2.48485e+12
0.861403 2.49652e+12
0.861259 2.50822e+12
0.861115 2.51994e+12
0.86097 2.53169e+12
0.860826 2.54346e+12
0.860681 2.55526e+12
0.860535 2.56709e+12
0.860389 2.57894e+12
0.860243 2.59081e+12
0.860097 2.60271e+12
0.85995 2.61464e+12
0.859803 2.62659e+12
0.859656 2.63857e+12
0.859509 2.65057e+12
0.859361 2.6626e+12
0.859212 2.67465e+12
0.859064 2.68673e+12
0.858915 2.69884e+12
0.858766 2.71097e+12
0.858616 2.72312e+12
0.858467 2.7353e+12
0.858317 2.74751e+12
0.858166 2.75974e+12
0.858015 2.772e+12
0.857864 2.78428e+12
0.857713 2.79659e+12
0.857561 2.80892e+12
0.857409 2.82128e+12
0.857257 2.83367e+12
0.857105 2.84608e+12
0.856952 2.85851e+12
0.856798 2.87097e+12
0.856645 2.88346e+12
0.856491 2.89597e+12
0.856337 2.90851e+12
0.856182 2.92107e+12
0.856028 2.93366e+12
0.855872 2.94627e+12
0.855717 2.95891e+12
0.855561 2.97158e+12
0.855405 2.98427e+12
0.855249 2.99699e+12
0.855092 3.00973e+12
0.854935 3.0225e+12
0.854778 3.03529e+12
0.85462 3.04811e+12
0.854462 3.06096e+12
0.854304 3.07383e+12
0.854145 3.08673e+12
0.853986 3.09966e+12
0.853827 3.11261e+12
0.853667 3.12559e+12
0.853508 3.13859e+12
0.853347 3.15162e+12
0.853187 3.16468e+12
0.853026 3.17777e+12
0.852865 3.19088e+12
0.852703 3.20402e+12
0.852541 3.21719e+12
0.852379 3.23039e+12
0.852216 3.24361e+12
0.852053 3.25686e+12
0.85189 3.27014e+12
0.851726 3.28345e+12
0.851562 3.29678e+12
0.851398 3.31015e+12
0.851233 3.32354e+12
0.851068 3.33696e+12
0.850903 3.35041e+12
0.850737 3.3639e+12
0.850571 3.37741e+12
0.850404 3.39095e+12
0.850238 3.40452e+12
0.85007 3.41813e+12
0.849903 3.43176e+12
0.849735 3.44543e+12
0.849566 3.45913e+12
0.849397 3.47286e+12
0.849228 3.48662e+12
0.849058 3.50042e+12
0.848888 3.51426e+12
0.848718 3.52812e+12
0.848547 3.54203e+12
0.848375 3.55597e+12
0.848203 3.56994e+12
0.848031 3.58396e+12
0.847858 3.59801e+12
0.847685 3.61211e+12
0.847511 3.62624e+12
0.847337 3.64042e+12
0.847162 3.65463e+12
0.846987 3.6689e+12
0.846811 3.6832e+12
0.846634 3.69756e+12
0.846457 3.71196e+12
0.846279 3.72641e+12
0.846101 3.74092e+12
0.845922 3.75548e+12
0.845742 3.77009e+12
0.845562 3.78477e+12
0.845381 3.79951e+12
0.845199 3.81431e+12
0.845016 3.82918e+12
0.844832 3.84412e+12
0.844647 3.85913e+12
0.844462 3.87423e+12
0.844275 3.88942e+12
0.844087 3.9047e+12
0.843898 3.92007e+12
0.843708 3.93555e+12
0.843516 3.95115e+12
0.843323 3.96687e+12
0.843128 3.98274e+12
0.842931 3.99876e+12
0.842731 4.01495e+12
0.84253 4.03134e+12
0.842326 4.04794e+12
0.842118 4.06481e+12
0.841907 4.08199e+12
0.841691 4.09953e+12
0.84147 4.11754e+12
0.841241 4.13616e+12
0.841002 4.15562e+12
0.840746 4.17641e+12
0.840458 4.19987e+12
0.840154 4.22459e+12
0.839911 4.24434e+12
0.839668 4.26411e+12
0.839444 4.28233e+12
0.839232 4.2995e+12
0.839031 4.31589e+12
0.838837 4.33163e+12
0.83865 4.34684e+12
0.838469 4.36158e+12
0.838293 4.37589e+12
0.838122 4.38983e+12
0.837955 4.40341e+12
0.837792 4.41667e+12
0.837632 4.42963e+12
0.837476 4.4423e+12
0.837324 4.4547e+12
0.837175 4.46683e+12
0.837029 4.47871e+12
0.836886 4.49035e+12
0.836745 4.50176e+12
0.836608 4.51293e+12
0.836473 4.52388e+12
0.836341 4.53461e+12
0.836212 4.54513e+12
0.836085 4.55544e+12
0.835961 4.56553e+12
0.83584 4.57542e+12
0.83572 4.5851e+12
0.835604 4.59459e+12
0.83549 4.60386e+12
0.835378 4.61294e+12
0.835269 4.62182e+12
0.835162 4.6305e+12
0.835058 4.63897e+12
0.834956 4.64725e+12
0.834857 4.65532e+12
0.83476 4.66319e+12
0.834666 4.67086e+12
0.834574 4.67832e+12
0.834485 4.68558e+12
0.834398 4.69263e+12
0.834314 4.69947e+12
0.834233 4.7061e+12
0.834154 4.71251e+12
0.834078 4.7187e+12
0.834004 4.72468e+12
0.833933 4.73043e+12
0.833866 4.73595e+12
0.8338 4.74125e+12
0.833738 4.74631e+12
0.833679 4.75114e+12
0.833622 4.75573e+12
0.833569 4.76007e+12
0.833519 4.76416e+12
0.833471 4.768e+12
0.833427 4.77158e+12
0.833387 4.77491e+12
0.833349 4.77797e+12
0.833315 4.78076e+12
0.833284 4.78327e+12
0.833256 4.78552e+12
0.833232 4.78748e+12
0.833211 4.78915e+12
0.833194 4.79055e+12
0.833181 4.79165e+12
0.833171 4.79246e+12
0.833164 4.79298e+12
0.833161 4.79321e+12
0.833162 4.79314e+12
0.833167 4.79277e+12
0.833175 4.79212e+12
0.833187 4.79116e+12
0.833202 4.78992e+12
0.833221 4.78838e+12
0.833243 4.78656e+12
0.833269 4.78445e+12
0.833299 4.78206e+12
0.833331 4.77939e+12
0.833368 4.77644e+12
0.833407 4.77322e+12
0.83345 4.76974e+12
0.833496 4.76599e+12
0.833545 4.76198e+12
0.833598 4.75772e+12
0.833653 4.7532e+12
0.833712 4.74844e+12
0.833773 4.74344e+12
0.833838 4.7382e+12
0.833905 4.73272e+12
0.833975 4.72701e+12
0.834048 4.72108e+12
0.834124 4.71492e+12
0.834203 4.70854e+12
0.834284 4.70194e+12
0.834367 4.69513e+12
0.834454 4.68811e+12
0.834543 4.68087e+12
0.834634 4.67343e+12
0.834728 4.66579e+12
0.834825 4.65794e+12
0.834924 4.64988e+12
0.835025 4.64163e+12
0.835129 4.63318e+12
0.835236 4.62452e+12
0.835345 4.61567e+12
0.835456 4.60662e+12
0.83557 4.59737e+12
0.835686 4.58792e+12
0.835804 4.57827e+12
0.835926 4.56842e+12
0.836049 4.55837e+12
0.836175 4.54812e+12
0.836304 4.53766e+12
0.836435 4.52699e+12
0.836569 4.51611e+12
0.836705 4.50502e+12
0.836844 4.49371e+12
0.836986 4.48217e+12
0.837131 4.4704e+12
0.837279 4.4584e+12
0.837429 4.44615e+12
0.837583 4.43365e+12
0.83774 4.42088e+12
0.8379 4.40783e+12
0.838064 4.3945e+12
0.838232 4.38085e+12
0.838404 4.36687e+12
0.83858 4.35254e+12
0.838761 4.33781e+12
0.838948 4.32265e+12
0.83914 4.30701e+12
0.839339 4.2908e+12
0.839547 4.27393e+12
0.839764 4.25623e+12
0.839995 4.23744e+12
0.840246 4.21705e+12
0.840535 4.19361e+12
0.840814 4.1709e+12
0.841064 4.15059e+12
0.841322 4.12954e+12
0.841563 4.10994e+12
0.841794 4.09121e+12
0.842016 4.07311e+12
0.842233 4.05548e+12
0.842445 4.03824e+12
0.842653 4.0213e+12
0.842858 4.00463e+12
0.843061 3.98818e+12
0.84326 3.97193e+12
0.843458 3.95585e+12
0.843654 3.93994e+12
0.843848 3.92417e+12
0.84404 3.90852e+12
0.844231 3.89299e+12
0.844421 3.87758e+12
0.844609 3.86227e+12
0.844796 3.84705e+12
0.844982 3.83191e+12
0.845167 3.81687e+12
0.845351 3.8019e+12
0.845534 3.787e+12
0.845717 3.77217e+12
0.845898 3.75741e+12
0.846079 3.74272e+12
0.846259 3.72808e+12
0.846438 3.71351e+12
0.846617 3.69899e+12
0.846795 3.68452e+12
0.846972 3.67011e+12
0.847148 3.65574e+12
0.847324 3.64143e+12
0.8475 3.62716e+12
0.847675 3.61294e+12
0.847849 3.59876e+12
0.848023 3.58462e+12
0.848196 3.57053e+12
0.848369 3.55648e+12
0.848541 3.54247e+12
0.848713 3.5285e+12
0.848884 3.51457e+12
0.849055 3.50067e+12
0.849226 3.48682e+12
0.849396 3.47299e+12
0.849565 3.45921e+12
0.849734 3.44546e+12
0.849903 3.43174e+12
0.850071 3.41806e+12
0.850239 3.40441e+12
0.850406 3.3908e+12
0.850573 3.37722e+12
0.85074 3.36367e+12
0.850906 3.35015e+12
0.851072 3.33666e+12
0.851238 3.3232e+12
0.851403 3.30978e+12
0.851567 3.29638e+12
0.851732 3.28302e+12
0.851896 3.26968e+12
0.852059 3.25638e+12
0.852222 3.2431e+12
0.852385 3.22986e+12
0.852548 3.21664e+12
0.85271 3.20345e+12
0.852872 3.19029e+12
0.853033 3.17716e+12
0.853194 3.16406e+12
0.853355 3.15099e+12
0.853516 3.13794e+12
0.853676 3.12492e+12
0.853835 3.11193e+12
0.853995 3.09897e+12
0.854154 3.08603e+12
0.854313 3.07313e+12
0.854471 3.06024e+12
0.854629 3.04739e+12
0.854787 3.03456e+12
0.854944 3.02176e+12
0.855101 3.00899e+12
0.855258 2.99624e+12
0.855414 2.98352e+12
0.85557 2.97083e+12
0.855726 2.95816e+12
0.855882 2.94552e+12
0.856037 2.93291e+12
0.856192 2.92032e+12
0.856346 2.90776e+12
0.8565 2.89523e+12
0.856654 2.88272e+12
0.856807 2.87024e+12
0.856961 2.85778e+12
0.857113 2.84535e+12
0.857266 2.83295e+12
0.857418 2.82057e+12
0.85757 2.80822e+12
0.857722 2.7959e+12
0.857873 2.7836e+12
0.858024 2.77133e+12
0.858174 2.75908e+12
0.858325 2.74686e+12
0.858475 2.73466e+12
0.858624 2.72249e+12
0.858774 2.71035e+12
0.858923 2.69823e+12
0.859071 2.68614e+12
0.85922 2.67407e+12
0.859368 2.66203e+12
0.859515 2.65002e+12
0.859663 2.63803e+12
0.85981 2.62607e+12
0.859957 2.61413e+12
0.860103 2.60222e+12
0.860249 2.59034e+12
0.860395 2.57848e+12
0.860541 2.56665e+12
0.860686 2.55484e+12
0.860831 2.54306e+12
0.860975 2.53131e+12
0.861119 2.51958e+12
0.861263 2.50788e+12
0.861407 2.4962e+12
0.86155 2.48455e+12
0.861693 2.47293e+12
0.861836 2.46133e+12
0.861978 2.44976e+12
0.86212 2.43821e+12
0.862262 2.42669e+12
0.862403 2.4152e+12
0.862544 2.40373e+12
0.862685 2.39228e+12
0.862825 2.38087e+12
0.862965 2.36948e+12
0.863105 2.35811e+12
0.863244 2.34678e+12
0.863383 2.33547e+12
0.863522 2.32418e+12
0.863661 2.31292e+12
0.863799 2.30169e+12
0.863936 2.29048e+12
0.864074 2.27931e+12
0.864211 2.26815e+12
0.864348 2.25702e+12
0.864484 2.24592e+12
0.864621 2.23485e+12
0.864756 2.2238e+12
0.864892 2.21278e+12
0.865027 2.20179e+12
0.865162 2.19082e+12
0.865296 2.17988e+12
0.865431 2.16897e+12
0.865565 2.15808e+12
0.865698 2.14722e+12
0.865831 2.13639e+12
0.865964 2.12558e+12
0.866097 2.1148e+12
0.866229 2.10405e+12
0.866361 2.09332e+12
0.866492 2.08262e+12
0.866624 2.07195e+12
0.866755 2.0613e+12
0.866885 2.05069e+12
0.867015 2.04009e+12
0.867145 2.02953e+12
0.867275 2.019e+12
0.867404 2.00848e+12
0.867533 1.998e+12
0.867662 1.98755e+12
0.86779 1.97712e+12
0.867918 1.96672e+12
0.868045 1.95634e+12
0.868172 1.946e+12
0.868299 1.93568e+12
0.868426 1.92539e+12
0.868552 1.91512e+12
0.868678 1.90489e+12
0.868803 1.89468e+12
0.868929 1.8845e+12
0.869054 1.87434e+12
0.869178 1.86422e+12
0.869302 1.85412e+12
0.869426 1.84405e+12
0.86955 1.83401e+12
0.869673 1.82399e+12
0.869796 1.814e+12
0.869918 1.80404e+12
0.87004 1.79411e+12
0.870162 1.78421e+12
0.870283 1.77433e+12
0.870404 1.76449e+12
0.870525 1.75467e+12
0.870646 1.74488e+12
0.870766 1.73511e+12
0.870885 1.72538e+12
0.871005 1.71567e+12
0.871124 1.70599e+12
0.871242 1.69634e+12
0.871361 1.68672e+12
0.871479 1.67713e+12
0.871596 1.66756e+12
0.871714 1.65803e+12
0.87183 1.64852e+12
0.871947 1.63904e+12
0.872063 1.62959e+12
0.872179 1.62017e+12
0.872295 1.61077e+12
0.87241 1.60141e+12
0.872525 1.59207e+12
0.872639 1.58277e+12
0.872753 1.57349e+12
0.872867 1.56424e+12
0.87298 1.55501e+12
0.873093 1.54582e+12
0.873206 1.53666e+12
0.873318 1.52753e+12
0.87343 1.51842e+12
0.873542 1.50935e+12
0.873653 1.5003e+12
0.873764 1.49128e+12
0.873874 1.48229e+12
0.873985 1.47333e+12
0.874094 1.4644e+12
0.874204 1.4555e+12
0.874313 1.44663e+12
0.874422 1.43779e+12
0.87453 1.42898e+12
0.874638 1.42019e+12
0.874746 1.41144e+12
0.874853 1.40271e+12
0.87496 1.39402e+12
0.875066 1.38535e+12
0.875173 1.37672e+12
0.875278 1.36811e+12
0.875384 1.35953e+12
0.875489 1.35099e+12
0.875594 1.34247e+12
0.875698 1.33398e+12
0.875802 1.32553e+12
0.875906 1.3171e+12
0.876009 1.3087e+12
0.876112 1.30033e+12
0.876214 1.29199e+12
0.876317 1.28368e+12
0.876418 1.27541e+12
0.87652 1.26716e+12
0.876621 1.25894e+12
0.876722 1.25075e+12
0.876822 1.24259e+12
0.876922 1.23447e+12
0.877021 1.22637e+12
0.877121 1.2183e+12
0.877219 1.21027e+12
0.877318 1.20226e+12
0.877416 1.19428e+12
0.877514 1.18633e+12
0.877611 1.17842e+12
0.877708 1.17053e+12
0.877805 1.16268e+12
0.877901 1.15485e+12
0.877997 1.14706e+12
0.878092 1.13929e+12
0.878187 1.13156e+12
0.878282 1.12386e+12
0.878376 1.11619e+12
0.87847 1.10855e+12
0.878564 1.10093e+12
0.878657 1.09336e+12
0.87875 1.08581e+12
0.878759 1.08505e+12
0.878764 1.08468e+12
0.878787 1.08279e+12
0.878788 1.08272e+12
0.878788 1.08272e+12
0.878788 1.08271e+12
0.878788 1.08271e+12
0.878788 1.08271e+12
0.878788 1.08271e+12
0.878788 1.08271e+12
0.878788 1.08271e+12
0.878788 1.08271e+12
0.878788 1.08271e+12
0.878788 1.08271e+12
0.878788 1.08271e+12
0.878788 1.08271e+12
0.878788 1.08271e+12
0.878788 1.08271e+12
0.878788 1.08271e+12
0.878788 1.08271e+12
0.878788 1.08271e+12
0.878788 1.08271e+12
0.878788 1.08271e+12
0.878788 1.08271e+12
0.878788 1.08271e+12
0.878788 1.08271e+12
0.878788 1.08271e+12
0.878788 1.08271e+12
0.878788 1.08271e+12
0.878788 1.08271e+12
0.878788 1.08271e+12
0.878788 1.08271e+12
0.878788 1.0827e+12
0.878789 1.08267e+12
0.878791 1.08248e+12
0.878804 1.08156e+12
0.878869 1.07694e+12
0.878973 1.06945e+12
0.879078 1.062e+12
0.879182 1.05458e+12
0.879285 1.0472e+12
0.879388 1.03984e+12
0.87949 1.03251e+12
0.879592 1.02522e+12
0.879694 1.01795e+12
0.879795 1.01072e+12
0.879896 1.00352e+12
0.879997 9.96345e+11
0.880096 9.89204e+11
0.880196 9.82093e+11
0.880295 9.75014e+11
0.880394 9.67966e+11
0.880492 9.60947e+11
0.88059 9.53961e+11
0.880687 9.47004e+11
0.880784 9.40078e+11
0.88088 9.33183e+11
0.880976 9.26321e+11
0.881072 9.19488e+11
0.881167 9.12686e+11
0.881262 9.05915e+11
0.881356 8.99175e+11
0.88145 8.92467e+11
0.881544 8.8579e+11
0.881637 8.79143e+11
0.881729 8.72528e+11
0.881821 8.65943e+11
0.881913 8.59389e+11
0.882004 8.52867e+11
0.882095 8.46375e+11
0.882186 8.39915e+11
0.882276 8.33486e+11
0.882365 8.27087e+11
0.882454 8.20721e+11
0.882543 8.14384e+11
0.882631 8.08077e+11
0.882719 8.01803e+11
0.882806 7.9556e+11
0.882893 7.89347e+11
0.88298 7.83166e+11
0.883066 7.77015e+11
0.883152 7.70895e+11
0.883237 7.64806e+11
0.883322 7.5875e+11
0.883406 7.52724e+11
0.88349 7.4673e+11
0.883573 7.40765e+11
0.883656 7.3483e+11
0.883739 7.28928e+11
0.883821 7.23057e+11
0.883903 7.17215e+11
0.883984 7.11405e+11
0.884065 7.05625e+11
0.884145 6.99876e+11
0.884225 6.94159e+11
0.884305 6.8847e+11
0.884384 6.82814e+11
0.884463 6.77188e+11
0.884541 6.71592e+11
0.884619 6.66029e+11
0.884697 6.60496e+11
0.884774 6.54992e+11
0.88485 6.4952e+11
0.884926 6.44079e+11
0.885002 6.38668e+11
0.885077 6.33288e+11
0.885152 6.27937e+11
0.885227 6.22617e+11
0.885301 6.17327e+11
0.885374 6.12069e+11
0.885447 6.06839e+11
0.88552 6.0164e+11
0.885592 5.96472e+11
0.885664 5.91333e+11
0.885736 5.86226e+11
0.885807 5.81149e+11
0.885878 5.76101e+11
0.885948 5.71084e+11
0.886018 5.66097e+11
0.886087 5.6114e+11
0.886156 5.56212e+11
0.886224 5.51315e+11
0.886293 5.46447e+11
0.88636 5.41608e+11
0.886428 5.36801e+11
0.886494 5.32023e+11
0.886561 5.27274e+11
0.886627 5.22554e+11
0.886693 5.17863e+11
0.886758 5.13203e+11
0.886823 5.08571e+11
0.886887 5.03969e+11
0.886951 4.99395e+11
0.887015 4.94851e+11
0.887078 4.90336e+11
0.887141 4.85852e+11
0.887203 4.81396e+11
0.887265 4.76969e+11
0.887326 4.72571e+11
0.887388 4.68201e+11
0.887448 4.63859e+11
0.887509 4.59547e+11
0.887569 4.55262e+11
0.887628 4.51006e+11
0.887687 4.4678e+11
0.887746 4.42582e+11
0.887804 4.38412e+11
0.887862 4.3427e+11
0.88792 4.30156e+11
0.887977 4.2607e+11
0.888034 4.22012e+11
0.88809 4.17983e+11
0.888146 4.1398e+11
0.888202 4.10006e+11
0.888257 4.0606e+11
0.888312 4.02141e+11
0.888366 3.98249e+11
0.888421 3.94385e+11
0.888474 3.90548e+11
0.888528 3.86739e+11
0.888581 3.82956e+11
0.888633 3.79201e+11
0.888685 3.75474e+11
0.888737 3.71773e+11
0.888788 3.68099e+11
0.888839 3.64451e+11
0.88889 3.60831e+11
0.88894 3.57236e+11
0.88899 3.53667e+11
0.88904 3.50125e+11
0.889089 3.46609e+11
0.889138 3.43119e+11
0.889186 3.39655e+11
0.889235 3.36218e+11
0.889282 3.32806e+11
0.88933 3.29421e+11
0.889377 3.2606e+11
0.889423 3.22725e+11
0.88947 3.19417e+11
0.889516 3.16133e+11
0.889561 3.12874e+11
0.889607 3.09641e+11
0.889651 3.06433e+11
0.889696 3.03249e+11
0.88974 3.00091e+11
0.889784 2.96958e+11
0.889828 2.93848e+11
0.889871 2.90763e+11
0.889914 2.87703e+11
0.889956 2.84666e+11
0.889998 2.81654e+11
0.89004 2.78667e+11
0.890081 2.75703e+11
0.890123 2.72763e+11
0.890163 2.69848e+11
0.890204 2.66955e+11
0.890244 2.64086e+11
0.890284 2.61241e+11
0.890323 2.58418e+11
0.890363 2.55619e+11
0.890401 2.52842e+11
0.89044 2.5009e+11
0.890478 2.47359e+11
0.890516 2.44652e+11
0.890554 2.41968e+11
0.890591 2.39305e+11
0.890628 2.36666e+11
0.890664 2.34048e+11
0.890701 2.31453e+11
0.890737 2.2888e+11
0.890772 2.26329e+11
0.890808 2.23799e+11
0.890843 2.21291e+11
0.890878 2.18806e+11
0.890912 2.16341e+11
0.890946 2.13898e+11
0.89098 2.11475e+11
0.891014 2.09075e+11
0.891047 2.06696e+11
0.89108 2.04337e+11
0.891113 2.01998e+11
0.891145 1.99681e+11
0.891177 1.97384e+11
0.891209 1.95107e+11
0.891241 1.92851e+11
0.891272 1.90616e+11
0.891303 1.88399e+11
0.891334 1.86204e+11
0.891364 1.84028e+11
0.891395 1.81872e+11
0.891424 1.79735e+11
0.891454 1.77618e+11
0.891483 1.75521e+11
0.891513 1.73443e+11
0.891541 1.71384e+11
0.89157 1.69344e+11
0.891598 1.67323e+11
0.891626 1.6532e+11
0.891654 1.63336e+11
0.891681 1.61372e+11
0.891709 1.59424e+11
0.891736 1.57496e+11
0.891762 1.55586e+11
0.891789 1.53694e+11
0.891815 1.5182e+11
0.891841 1.49964e+11
0.891867 1.48126e+11
0.891892 1.46305e+11
0.891918 1.44503e+11
0.891943 1.42717e+11
0.891967 1.40949e+11
0.891992 1.39197e+11
0.892016 1.37463e+11
0.89204 1.35746e+11
0.892064 1.34046e+11
0.892087 1.32363e+11
0.892111 1.30695e+11
0.892134 1.29045e+11