
rho             theta           phi             
0.89210124452   -0.08257039729  0.00000000000   
0.89207875272   -0.08257437116  0.00000047544   
0.89205479400   -0.08257860480  0.00000098198   
0.89203059043   -0.08258288234  0.00000149381   
0.89200614968   -0.08258720243  0.00000201075   
0.89198145939   -0.08259156728  0.00000253308   
0.89195653485   -0.08259597421  0.00000306048   
0.89193135970   -0.08260042613  0.00000359329   
0.89190592469   -0.08260492469  0.00000413171   
0.89188024335   -0.08260946753  0.00000467546   
0.89185431670   -0.08261405448  0.00000522453   
0.89182813438   -0.08261868741  0.00000577913   
0.89180170230   -0.08262336528  0.00000633915   
0.89177501160   -0.08262808968  0.00000690477   
0.89174806289   -0.08263286054  0.00000747598   
0.89172085563   -0.08263767796  0.00000805281   
0.89169338304   -0.08264254318  0.00000863540   
0.89166565478   -0.08264745451  0.00000922354   
0.89163764993   -0.08265241567  0.00000981769   
0.89160938769   -0.08265742329  0.00001041745   
0.89158085048   -0.08266248051  0.00001102318   
0.89155204913   -0.08266758543  0.00001163467   
0.89152296475   -0.08267274144  0.00001225231   
0.89149361397   -0.08267794560  0.00001287577   
0.89146399758   -0.08268319781  0.00001350502   
0.89143410427   -0.08268850010  0.00001414032   
0.89140393039   -0.08269385314  0.00001478174   
0.89137347338   -0.08269925742  0.00001542935   
0.89134273677   -0.08270471233  0.00001608307   
0.89131172272   -0.08271021753  0.00001674286   
0.89128041579   -0.08271577577  0.00001740906   
0.89124882249   -0.08272138595  0.00001808153   
0.89121696137   -0.08272704479  0.00001875989   
0.89118480339   -0.08273275749  0.00001944475   
0.89115234302   -0.08273852504  0.00002013623   
0.89111960421   -0.08274434325  0.00002083384   
0.89108656234   -0.08275021650  0.00002153811   
0.89105323605   -0.08275614152  0.00002224864   
0.89101959821   -0.08276212317  0.00002296601   
0.89098566026   -0.08276815944  0.00002368999   
0.89095141939   -0.08277425088  0.00002442064   
0.89091688304   -0.08278039619  0.00002515782   
0.89088203121   -0.08278659897  0.00002590195   
0.89084688173   -0.08279285608  0.00002665265   
0.89081142640   -0.08279916901  0.00002741012   
0.89077565500   -0.08280553963  0.00002817457   
0.89073958336   -0.08281196515  0.00002894567   
0.89070319024   -0.08281844940  0.00002972388   
0.89066649054   -0.08282498975  0.00003050889   
0.89062948016   -0.08283158698  0.00003130080   
0.89059214582   -0.08283824350  0.00003209989   
0.89055449568   -0.08284495789  0.00003290600   
0.89051652305   -0.08285173138  0.00003371928   
0.89047822404   -0.08285856472  0.00003453981   
0.89043960857   -0.08286545617  0.00003536740   
0.89040067075   -0.08287240683  0.00003620217   
0.89036139114   -0.08287942022  0.00003704455   
0.89032179029   -0.08288649270  0.00003789410   
0.89028186821   -0.08289362432  0.00003875084   
0.89024160766   -0.08290081821  0.00003961514   
0.89020100843   -0.08290807446  0.00004048702   
0.89016008106   -0.08291539121  0.00004136624   
0.89011881648   -0.08292277016  0.00004225303   
0.89007720289   -0.08293021344  0.00004314763   
0.89003525953   -0.08293771768  0.00004404965   
0.88999298447   -0.08294528326  0.00004495913   
0.88995036801   -0.08295291197  0.00004587629   
0.88990739975   -0.08296060573  0.00004680136   
0.88986408771   -0.08296836315  0.00004773418   
0.88982043071   -0.08297618449  0.00004867478   
0.88977642519   -0.08298407045  0.00004962325   
0.88973207573   -0.08299202026  0.00005057950   
0.88968736967   -0.08300003624  0.00005154381   
0.88964231445   -0.08300811711  0.00005251602   
0.88959690726   -0.08301626344  0.00005349622   
0.88955113348   -0.08302447791  0.00005448472   
0.88950500867   -0.08303275778  0.00005548120   
0.88945852703   -0.08304110415  0.00005648579   
0.88941168937   -0.08304951693  0.00005749848   
0.88936447882   -0.08305799922  0.00005851965   
0.88931690733   -0.08306654893  0.00005954906   
0.88926898370   -0.08307516454  0.00006058651   
0.88922068952   -0.08308384942  0.00006163243   
0.88917203104   -0.08309260251  0.00006268668   
0.88912298787   -0.08310142755  0.00006374972   
0.88907358949   -0.08311031930  0.00006482092   
0.88902381577   -0.08311928144  0.00006590072   
0.88897366024   -0.08312831520  0.00006698928   
0.88892313922   -0.08313741772  0.00006808626   
0.88887223949   -0.08314659145  0.00006919195   
0.88882096189   -0.08315583630  0.00007030635   
0.88876930823   -0.08316515203  0.00007142943   
0.88871728928   -0.08317453674  0.00007256097   
0.88866486536   -0.08318399769  0.00007370184   
0.88861209123   -0.08319352505  0.00007485086   
0.88855891368   -0.08320312852  0.00007600920   
0.88850534792   -0.08321280541  0.00007717655   
0.88845142002   -0.08322255109  0.00007835235   
0.88839709626   -0.08323237173  0.00007953734   
0.88834238336   -0.08324226620  0.00008073140   
0.88828727762   -0.08325223525  0.00008193461   
0.88823177986   -0.08326227879  0.00008314698   
0.88817588997   -0.08327239695  0.00008436851   
0.88811960589   -0.08328259017  0.00008559928   
0.88806292627   -0.08329285878  0.00008683931   
0.88800587116   -0.08330319922  0.00008808818   
0.88794840374   -0.08331361826  0.00008934673   
0.88789055845   -0.08332410974  0.00009061419   
0.88783229360   -0.08333468130  0.00009189151   
0.88777364063   -0.08334532733  0.00009317801   
0.88771457372   -0.08335605261  0.00009447427   
0.88765512585   -0.08336685124  0.00009577958   
0.88759527738   -0.08337772686  0.00009709438   
0.88753500221   -0.08338868432  0.00009841928   
0.88747434911   -0.08339971485  0.00009975319   
0.88741329632   -0.08341082249  0.00010109664   
0.88735181273   -0.08342201300  0.00010245030   
0.88728992829   -0.08343328102  0.00010381355   
0.88722761950   -0.08344463094  0.00010518691   
0.88716491482   -0.08345605767  0.00010656977   
0.88710180125   -0.08346756367  0.00010796244   
0.88703828307   -0.08347914826  0.00010936483   
0.88697435371   -0.08349081275  0.00011077712   
0.88691000923   -0.08350255795  0.00011219940   
0.88684524854   -0.08351438417  0.00011363172   
0.88678007366   -0.08352629114  0.00011507405   
0.88671448748   -0.08353827844  0.00011652633   
0.88664849347   -0.08355034554  0.00011798852   
0.88658206313   -0.08356249777  0.00011946127   
0.88651521973   -0.08357473098  0.00012094407   
0.88644797312   -0.08358704346  0.00012243672   
0.88638029543   -0.08359944045  0.00012393987   
0.88631221488   -0.08361191687  0.00012545290   
0.88624369414   -0.08362447969  0.00012697666   
0.88617477149   -0.08363712201  0.00012851032   
0.88610540573   -0.08364985149  0.00013005482   
0.88603562986   -0.08366266219  0.00013160945   
0.88596542388   -0.08367555792  0.00013317466   
0.88589479414   -0.08368853763  0.00013475033   
0.88582374799   -0.08370160007  0.00013633633   
0.88575227237   -0.08371474779  0.00013793296   
0.88568036943   -0.08372798049  0.00013954020   
0.88560804671   -0.08374129694  0.00014115790   
0.88553528964   -0.08375469992  0.00014278641   
0.88546210344   -0.08376818861  0.00014442562   
0.88538849700   -0.08378176151  0.00014607537   
0.88531446226   -0.08379542021  0.00014773586   
0.88523999289   -0.08380916604  0.00014940724   
0.88516508870   -0.08382299914  0.00015108955   
0.88508975800   -0.08383691813  0.00015278263   
0.88501399307   -0.08385092456  0.00015448666   
0.88493781126   -0.08386501537  0.00015620128   
0.88486118105   -0.08387919651  0.00015792723   
0.88478413546   -0.08389346203  0.00015966378   
0.88470665592   -0.08390781550  0.00016141137   
0.88462875321   -0.08392225505  0.00016316979   
0.88455040845   -0.08393678434  0.00016493949   
0.88447164355   -0.08395139945  0.00016671999   
0.88439243994   -0.08396610396  0.00016851174   
0.88431280179   -0.08398089724  0.00017031467   
0.88423273679   -0.08399577803  0.00017212863   
0.88415222104   -0.08401075091  0.00017395419   
0.88407126745   -0.08402581364  0.00017579108   
0.88398988456   -0.08404096478  0.00017763913   
0.88390805208   -0.08405620826  0.00017949883   
0.88382580518   -0.08407153768  0.00018136941   
0.88374310681   -0.08408696012  0.00018325173   
0.88365997630   -0.08410247212  0.00018514538   
0.88357642784   -0.08411807120  0.00018705007   
0.88349242627   -0.08413376407  0.00018896662   
0.88340800700   -0.08414954429  0.00019089426   
0.88332314338   -0.08416541700  0.00019283362   
0.88323783832   -0.08418138183  0.00019478466   
0.88315209131   -0.08419743904  0.00019674742   
0.88306591086   -0.08421358721  0.00019872173   
0.88297928536   -0.08422982868  0.00020070790   
0.88289224135   -0.08424615864  0.00020270533   
0.88280473787   -0.08426258497  0.00020471501   
0.88271680940   -0.08427910135  0.00020673616   
0.88262843311   -0.08429571225  0.00020876935   
0.88253964357   -0.08431241136  0.00021081380   
0.88245039883   -0.08432920675  0.00021287052   
0.88236072452   -0.08434609376  0.00021493893   
0.88227060877   -0.08436307482  0.00021701936   
0.88218004704   -0.08438015098  0.00021911193   
0.88208905434   -0.08439731958  0.00022121633   
0.88199762799   -0.08441458132  0.00022333265   
0.88190576738   -0.08443193650  0.00022546094   
0.88181346753   -0.08444938626  0.00022760134   
0.88172072659   -0.08446693114  0.00022975394   
0.88162754442   -0.08448457136  0.00023191876   
0.88153392158   -0.08450230700  0.00023409583   
0.88143986915   -0.08452013618  0.00023628493   
0.88134538360   -0.08453805976  0.00023848617   
0.88125045677   -0.08455607948  0.00024069977   
0.88115507995   -0.08457419721  0.00024292597   
0.88105929146   -0.08459240587  0.00024516391   
0.88096306407   -0.08461071083  0.00024741427   
0.88086640556   -0.08462911082  0.00024967689   
0.88076929222   -0.08464761058  0.00025195237   
0.88067175282   -0.08466620483  0.00025424007   
0.88057377696   -0.08468489577  0.00025654026   
0.88047537823   -0.08470368101  0.00025885267   
0.88037653867   -0.08472256420  0.00026117776   
0.88027726423   -0.08474154443  0.00026351542   
0.88017756073   -0.08476062080  0.00026586555   
0.88007743526   -0.08477979217  0.00026822802   
0.87997685800   -0.08479906448  0.00027060358   
0.87987582970   -0.08481843781  0.00027299224   
0.87977439450   -0.08483790394  0.00027539300   
0.87967250530   -0.08485747212  0.00027780702   
0.87957017401   -0.08487714031  0.00028023405   
0.87946743403   -0.08489690232  0.00028267334   
0.87936424395   -0.08491676634  0.00028512592   
0.87926061572   -0.08493673032  0.00028759153   
0.87915656579   -0.08495679133  0.00029006984   
0.87905209848   -0.08497694877  0.00029256077   
0.87894718077   -0.08499720926  0.00029506516   
0.87884184058   -0.08501756766  0.00029758238   
0.87883129317   -0.08501960699  0.00029783458   
0.87882601713   -0.08502062717  0.00029796074   
0.87879961348   -0.08502573321  0.00029859222   
0.87878893225   -0.08502779908  0.00029884773   
0.87878839803   -0.08502790241  0.00029886051   
0.87878813090   -0.08502795408  0.00029886690   
0.87878799734   -0.08502797991  0.00029887009   
0.87878793056   -0.08502799283  0.00029887169   
0.87878789717   -0.08502799928  0.00029887249   
0.87878788048   -0.08502800251  0.00029887289   
0.87878787964   -0.08502800268  0.00029887291   
0.87878787922   -0.08502800276  0.00029887292   
0.87878787901   -0.08502800280  0.00029887292   
0.87878787889   -0.08502800282  0.00029887293   
0.87878787881   -0.08502800284  0.00029887293   
0.87878787880   -0.08502800284  0.00029887293   
0.87878787879   -0.08502800284  0.00029887293   
0.87878787879   -0.08502800284  0.00029887293   
0.87878787879   -0.08502800284  0.00029887293   
0.87878787879   -0.08502800284  0.00029887293   
0.87878787879   -0.08502800284  0.00029887293   
0.87878787879   -0.08502800284  0.00029887293   
0.87878787879   -0.08502800284  0.00029887293   
0.87878787879   -0.08502800284  0.00029887293   
0.87878787878   -0.08502800284  0.00029887293   
0.87878787874   -0.08502800285  0.00029887293   
0.87878787857   -0.08502800288  0.00029887293   
0.87878787770   -0.08502800305  0.00029887295   
0.87878787337   -0.08502800389  0.00029887306   
0.87878785170   -0.08502800808  0.00029887358   
0.87878774335   -0.08502802904  0.00029887617   
0.87878720157   -0.08502813383  0.00029888913   
0.87878449243   -0.08502865784  0.00029895394   
0.87877093969   -0.08503127945  0.00029927820   
0.87870300056   -0.08504442594  0.00030090444   
0.87860948412   -0.08506253408  0.00030314503   
0.87851559711   -0.08508072841  0.00030539695   
0.87842135369   -0.08509900637  0.00030765990   
0.87832672394   -0.08511737400  0.00030993465   
0.87823170289   -0.08513583248  0.00031222133   
0.87813631308   -0.08515437766  0.00031451947   
0.87804054506   -0.08517301160  0.00031682931   
0.87794440821   -0.08519173269  0.00031915067   
0.87784789700   -0.08521054225  0.00032148372   
0.87775100801   -0.08522944116  0.00032382860   
0.87765372303   -0.08524843322  0.00032618577   
0.87755605679   -0.08526751579  0.00032855492   
0.87745801909   -0.08528668719  0.00033093587   
0.87735960604   -0.08530594842  0.00033332873   
0.87726083820   -0.08532529569  0.00033573306   
0.87716168107   -0.08534473601  0.00033814973   
0.87706215288   -0.08536426603  0.00034057835   
0.87696224438   -0.08538388784  0.00034301918   
0.87686198742   -0.08540359540  0.00034547149   
0.87676132491   -0.08542340021  0.00034793671   
0.87666030402   -0.08544329322  0.00035041374   
0.87655891287   -0.08546327705  0.00035290291   
0.87645715093   -0.08548335204  0.00035540429   
0.87635504133   -0.08550351388  0.00035791733   
0.87625255409   -0.08552376875  0.00036044284   
0.87614968400   -0.08554411795  0.00036298097   
0.87604643920   -0.08556456014  0.00036553159   
0.87594284132   -0.08558509129  0.00036809419   
0.87583886430   -0.08560571685  0.00037066948   
0.87573451156   -0.08562643641  0.00037325741   
0.87562979416   -0.08564724805  0.00037585776   
0.87552472264   -0.08566814994  0.00037847032   
0.87541927077   -0.08568914759  0.00038109578   
0.87531345904   -0.08571023719  0.00038373369   
0.87520727681   -0.08573142115  0.00038638436   
0.87510071533   -0.08575270151  0.00038904806   
0.87499380149   -0.08577407318  0.00039172416   
0.87488652635   -0.08579553825  0.00039441295   
0.87477886477   -0.08581710203  0.00039711510   
0.87467086709   -0.08583875474  0.00039982941   
0.87456250814   -0.08586050171  0.00040255655   
0.87445376042   -0.08588234878  0.00040529727   
0.87434467826   -0.08590428532  0.00040805026   
0.87423522081   -0.08592631986  0.00041081660   
0.87412539895   -0.08594845053  0.00041359608   
0.87401521741   -0.08597067667  0.00041638861   
0.87390467632   -0.08599299858  0.00041919427   
0.87379378424   -0.08601541484  0.00042201288   
0.87368254042   -0.08603792592  0.00042484451   
0.87357090309   -0.08606054060  0.00042769031   
0.87345892502   -0.08608324853  0.00043054896   
0.87334658005   -0.08610605533  0.00043342121   
0.87323388414   -0.08612895809  0.00043630669   
0.87312081882   -0.08615196091  0.00043920595   
0.87300741778   -0.08617505726  0.00044211817   
0.87289365710   -0.08619825235  0.00044504404   
0.87277953612   -0.08622154667  0.00044798363   
0.87266507264   -0.08624493692  0.00045093653   
0.87255024644   -0.08626842758  0.00045390334   
0.87243505183   -0.08629202017  0.00045688427   
0.87231951313   -0.08631571008  0.00045987875   
0.87220365116   -0.08633949338  0.00046288629   
0.87208739649   -0.08636338468  0.00046590877   
0.87197079970   -0.08638737397  0.00046894495   
0.87185385530   -0.08641146275  0.00047199502   
0.87173654821   -0.08643565449  0.00047505944   
0.87161889001   -0.08645994718  0.00047813799   
0.87150088549   -0.08648434022  0.00048123060   
0.87138255076   -0.08650883064  0.00048433692   
0.87126385031   -0.08653342619  0.00048745795   
0.87114481712   -0.08655812042  0.00049059288   
0.87102541161   -0.08658292193  0.00049374284   
0.87090567666   -0.08660782223  0.00049690677   
0.87078559045   -0.08663282624  0.00050008530   
0.87066515232   -0.08665793452  0.00050327854   
0.87054437855   -0.08668314406  0.00050648611   
0.87042324598   -0.08670846013  0.00050970872   
0.87030176783   -0.08673388038  0.00051294608   
0.87017997631   -0.08675939848  0.00051619741   
0.87005780978   -0.08678502777  0.00051946443   
0.86993528689   -0.08681076478  0.00052274672   
0.86981243849   -0.08683660346  0.00052604353   
0.86968924614   -0.08686254813  0.00052935543   
0.86956571934   -0.08688859723  0.00053268225   
0.86944184239   -0.08691475450  0.00053602449   
0.86931763725   -0.08694101577  0.00053938163   
0.86919308253   -0.08696738600  0.00054275434   
0.86906820207   -0.08699386061  0.00054614206   
0.86894298197   -0.08702044301  0.00054954523   
0.86881738390   -0.08704714181  0.00055296500   
0.86869146130   -0.08707394615  0.00055639999   
0.86856521800   -0.08710085566  0.00055985018   
0.86843865923   -0.08712786971  0.00056331551   
0.86831173425   -0.08715499961  0.00056679746   
0.86818449600   -0.08718223455  0.00057029467   
0.86805690155   -0.08720958421  0.00057380840   
0.86792898514   -0.08723704177  0.00057733781   
0.86780070819   -0.08726461600  0.00058088405   
0.86767211624   -0.08729229765  0.00058444596   
0.86754319032   -0.08732009131  0.00058802414   
0.86741391849   -0.08734800009  0.00059161904   
0.86728433593   -0.08737601691  0.00059522977   
0.86715440236   -0.08740415102  0.00059885753   
0.86702412767   -0.08743240084  0.00060250217   
0.86689354549   -0.08746075961  0.00060616284   
0.86676262364   -0.08748923487  0.00060984053   
0.86663136165   -0.08751782730  0.00061353537   
0.86649976180   -0.08754653696  0.00061724739   
0.86636785089   -0.08757535859  0.00062097594   
0.86623559251   -0.08760430071  0.00062472215   
0.86610302764   -0.08763335496  0.00062848497   
0.86597011091   -0.08766253185  0.00063226580   
0.86583688927   -0.08769182169  0.00063606340   
0.86570333285   -0.08772123164  0.00063987874   
0.86556946007   -0.08775075826  0.00064371141   
0.86543524537   -0.08778040781  0.00064756224   
0.86530069310   -0.08781017997  0.00065143122   
0.86516583119   -0.08784006920  0.00065531768   
0.86503062587   -0.08787008361  0.00065922270   
0.86489511486   -0.08790021550  0.00066314531   
0.86475928629   -0.08793046814  0.00066708597   
0.86462311935   -0.08796084683  0.00067104540   
0.86448663792   -0.08799134694  0.00067502304   
0.86434981383   -0.08802197543  0.00067901983   
0.86421270141   -0.08805272084  0.00068303431   
0.86407523949   -0.08808359757  0.00068706839   
0.86393746910   -0.08811459712  0.00069112100   
0.86379937403   -0.08814572386  0.00069519275   
0.86366096618   -0.08817697582  0.00069928342   
0.86352223362   -0.08820835642  0.00070339349   
0.86338318582   -0.08823986428  0.00070752283   
0.86324381436   -0.08827150204  0.00071167181   
0.86310412673   -0.08830326878  0.00071584036   
0.86296409603   -0.08833517139  0.00072002942   
0.86282375511   -0.08836720320  0.00072423815   
0.86268309018   -0.08839936812  0.00072846711   
0.86254211178   -0.08843166456  0.00073271613   
0.86240081172   -0.08846409522  0.00073698561   
0.86225919629   -0.08849665946  0.00074127551   
0.86211724630   -0.08852936256  0.00074558656   
0.86197500068   -0.08856219639  0.00074991774   
0.86183245212   -0.08859516347  0.00075426943   
0.86168956252   -0.08862827349  0.00075864294   
0.86154638918   -0.08866151406  0.00076303669   
0.86140286605   -0.08869490140  0.00076745286   
0.86125902946   -0.08872842800  0.00077189052   
0.86111490211   -0.08876208947  0.00077634912   
0.86097044984   -0.08879589471  0.00078082990   
0.86082566347   -0.08882984683  0.00078533331   
0.86068056150   -0.08886394248  0.00078985896   
0.86053516170   -0.08889817845  0.00079440648   
0.86038945610   -0.08893255757  0.00079897628   
0.86024343581   -0.08896708296  0.00080356884   
0.86009710664   -0.08900175425  0.00080818416   
0.85995045906   -0.08903657474  0.00081282273   
0.85980348946   -0.08907154633  0.00081748486   
0.85965619531   -0.08910667073  0.00082217084   
0.85950858629   -0.08914194671  0.00082688054   
0.85936067345   -0.08917737273  0.00083161383   
0.85921244367   -0.08921295303  0.00083637133   
0.85906390300   -0.08924868732  0.00084115305   
0.85891506346   -0.08928457382  0.00084595883   
0.85876591446   -0.08932061627  0.00085078921   
0.85861645512   -0.08935681604  0.00085564444   
0.85846667062   -0.08939317796  0.00086052523   
0.85831656979   -0.08942970111  0.00086543153   
0.85816615631   -0.08946638587  0.00087036344   
0.85801543309   -0.08950323278  0.00087532110   
0.85786439805   -0.08954024364  0.00088030483   
0.85771305734   -0.08957741825  0.00088531466   
0.85756138832   -0.08961476352  0.00089035158   
0.85740942159   -0.08965227328  0.00089541485   
0.85725712291   -0.08968995736  0.00090050585   
0.85710452325   -0.08972780950  0.00090562381   
0.85695161276   -0.08976583359  0.00091076933   
0.85679839199   -0.08980403092  0.00091594266   
0.85664485592   -0.08984240423  0.00092114424   
0.85649100856   -0.08988095404  0.00092637422   
0.85633685471   -0.08991968067  0.00093163272   
0.85618236388   -0.08995859336  0.00093692108   
0.85602756179   -0.08999768724  0.00094223871   
0.85587245195   -0.09003696306  0.00094758580   
0.85571703013   -0.09007642352  0.00095296280   
0.85556128118   -0.09011607418  0.00095837055   
0.85540523831   -0.09015590828  0.00096380822   
0.85524887988   -0.09019593309  0.00096927689   
0.85509218491   -0.09023615579  0.00097477762   
0.85493518602   -0.09027656983  0.00098030962   
0.85477785119   -0.09031718534  0.00098587436   
0.85462019194   -0.09035800126  0.00099147179   
0.85446220982   -0.09039901914  0.00099710224   
0.85430392161   -0.09044023661  0.00100276546   
0.85414528692   -0.09048166622  0.00100846328   
0.85398635429   -0.09052329735  0.00101419435   
0.85382707814   -0.09056514407  0.00101996071   
0.85366748522   -0.09060720151  0.00102576180   
0.85350758282   -0.09064946995  0.00103159775   
0.85334734410   -0.09069195871  0.00103746998   
0.85318675359   -0.09073467427  0.00104337949   
0.85302585037   -0.09077760860  0.00104932529   
0.85286460932   -0.09082077081  0.00105530876   
0.85270304347   -0.09086415988  0.00106132987   
0.85254112996   -0.09090778451  0.00106738997   
0.85237885284   -0.09095165164  0.00107349014   
0.85221624364   -0.09099575544  0.00107962971   
0.85205330131   -0.09104009892  0.00108580923   
0.85189002485   -0.09108468511  0.00109202926   
0.85172639292   -0.09112952274  0.00109829114   
0.85156240232   -0.09117461565  0.00110459558   
0.85139807145   -0.09121996181  0.00111094242   
0.85123336915   -0.09126557294  0.00111733346   
0.85106832494   -0.09131144407  0.00112376816   
0.85090291154   -0.09135758605  0.00113024820   
0.85073714417   -0.09140399802  0.00113677361   
0.85057098166   -0.09145069500  0.00114334669   
0.85040446736   -0.09149766841  0.00114996639   
0.85023757108   -0.09154493042  0.00115663461   
0.85007029224   -0.09159248500  0.00116335208   
0.84990263456   -0.09164033500  0.00117011939   
0.84973457575   -0.09168849082  0.00117693822   
0.84956610928   -0.09173695853  0.00118380961   
0.84939725811   -0.09178573582  0.00119073344   
0.84922801385   -0.09183482949  0.00119771088   
0.84905834253   -0.09188425397  0.00120474421   
0.84888821481   -0.09193402265  0.00121183554   
0.84871768873   -0.09198412347  0.00121898340   
0.84854672422   -0.09203457322  0.00122619041   
0.84837531253   -0.09208537977  0.00123345794   
0.84820344548   -0.09213655100  0.00124078737   
0.84803111663   -0.09218809451  0.00124818006   
0.84785829748   -0.09224002473  0.00125563834   
0.84768499539   -0.09229234560  0.00126316307   
0.84751119339   -0.09234506861  0.00127075618   
0.84733689806   -0.09239819836  0.00127841865   
0.84716205566   -0.09245175817  0.00128615415   
0.84698666429   -0.09250575590  0.00129396414   
0.84681075441   -0.09256018964  0.00130184869   
0.84663425821   -0.09261508820  0.00130981231   
0.84645715085   -0.09267046764  0.00131785772   
0.84627940598   -0.09272634494  0.00132598778   
0.84610104192   -0.09278272346  0.00133420336   
0.84592202837   -0.09283962224  0.00134250768   
0.84574229687   -0.09289707314  0.00135090582   
0.84556183627   -0.09295509047  0.00135940035   
0.84538060836   -0.09301369779  0.00136799520   
0.84519862257   -0.09307290388  0.00137669219   
0.84501579030   -0.09313275013  0.00138549793   
0.84483203636   -0.09319327477  0.00139441864   
0.84464739710   -0.09325448012  0.00140345526   
0.84446172822   -0.09331642935  0.00141261779   
0.84427499684   -0.09337915004  0.00142191100   
0.84408714180   -0.09344268042  0.00143134131   
0.84389810080   -0.09350706061  0.00144091546   
0.84370771171   -0.09357236659  0.00145064563   
0.84351591768   -0.09363864056  0.00146053903   
0.84332256300   -0.09370596105  0.00147060841   
0.84312750121   -0.09377440639  0.00148086660   
0.84293051798   -0.09384408219  0.00149133066   
0.84273141572   -0.09391509238  0.00150201758   
0.84252989697   -0.09398758145  0.00151295062   
0.84232567688   -0.09406169559  0.00152415357   
0.84211825803   -0.09413766593  0.00153566336   
0.84190706193   -0.09421576432  0.00154752351   
0.84169133199   -0.09429634257  0.00155979022   
0.84146987820   -0.09437993476  0.00157254822   
0.84124097063   -0.09446731010  0.00158591930   
0.84100164259   -0.09455976128  0.00160010726   
0.84074602842   -0.09465980018  0.00161550665   
0.84045754569   -0.09477439347  0.00163320720   
0.84015350217   -0.09489722031  0.00165225254   
0.83991068655   -0.09499691429  0.00166776722   
0.83966755641   -0.09509824515  0.00168358900   
0.83944355324   -0.09519301177  0.00169843420   
0.83923239404   -0.09528364657  0.00171267639   
0.83903091135   -0.09537136711  0.00172650231   
0.83883728657   -0.09545686510  0.00174001779   
0.83865028383   -0.09554061085  0.00175329487   
0.83846909567   -0.09562290674  0.00176637966   
0.83829305817   -0.09570400640  0.00177931111   
0.83812170123   -0.09578408731  0.00179211638   
0.83795463756   -0.09586329791  0.00180481830   
0.83779156244   -0.09594175549  0.00181743496   
0.83763223250   -0.09601955420  0.00182998090   
0.83747644990   -0.09609677121  0.00184246809   
0.83732402710   -0.09617348319  0.00185490855   
0.83717480206   -0.09624975847  0.00186731308   
0.83702869297   -0.09632562775  0.00187968645   
0.83688555733   -0.09640115598  0.00189203911   
0.83674532187   -0.09647637498  0.00190437617   
0.83660791830   -0.09655131601  0.00191670271   
0.83647325458   -0.09662602576  0.00192902643   
0.83634130361   -0.09670051730  0.00194134952   
0.83621199494   -0.09677482982  0.00195367858   
0.83608527962   -0.09684899276  0.00196601862   
0.83596114646   -0.09692301517  0.00197837132   
0.83583954262   -0.09699693246  0.00199074281   
0.83572045782   -0.09707075631  0.00200313528   
0.83560385583   -0.09714451614  0.00201555396   
0.83548976753   -0.09721820019  0.00202799716   
0.83537813393   -0.09729185579  0.00204047322   
0.83526897345   -0.09736548194  0.00205298234   
0.83516229027   -0.09743908771  0.00206552645   
0.83505806846   -0.09751269771  0.00207811018   
0.83495631121   -0.09758632521  0.00209073624   
0.83485703745   -0.09765997338  0.00210340568   
0.83476023265   -0.09773367187  0.00211612411   
0.83466594226   -0.09780740648  0.00212888963   
0.83457418088   -0.09788118697  0.00214170448   
0.83448494109   -0.09795504320  0.00215457444   
0.83439826062   -0.09802897019  0.00216749929   
0.83431414836   -0.09810298867  0.00218048330   
0.83423267157   -0.09817706882  0.00219352191   
0.83415382909   -0.09825124285  0.00220662148   
0.83407766468   -0.09832550381  0.00221978150   
0.83400419789   -0.09839986947  0.00223300587   
0.83393346647   -0.09847434185  0.00224629573   
0.83386552348   -0.09854890713  0.00225964940   
0.83380040079   -0.09862357487  0.00227306942   
0.83373814130   -0.09869834403  0.00228655642   
0.83367879716   -0.09877320264  0.00230010909   
0.83362239798   -0.09884816821  0.00231373146   
0.83356901775   -0.09892319962  0.00232741693   
0.83351868763   -0.09899831281  0.00234116927   
0.83347146215   -0.09907349132  0.00235498634   
0.83342738996   -0.09914872602  0.00236886735   
0.83338652427   -0.09922399800  0.00238280967   
0.83334890592   -0.09929930962  0.00239681461   
0.83331459347   -0.09937462575  0.00241087650   
0.83328363658   -0.09944992072  0.00242499135   
0.83325607922   -0.09952517492  0.00243915627   
0.83323196415   -0.09960036402  0.00245336743   
0.83321133068   -0.09967546310  0.00246762082   
0.83319421642   -0.09975043729  0.00248191048   
0.83318065182   -0.09982526054  0.00249623205   
0.83317066374   -0.09989990117  0.00251058000   
0.83316427311   -0.09997433577  0.00252495032   
0.83316149741   -0.10004850428  0.00253933181   
0.83316234427   -0.10012238546  0.00255372065   
0.83316681700   -0.10019595194  0.00256811175   
0.83317491286   -0.10026916945  0.00258249858   
0.83318661866   -0.10034198321  0.00259687043   
0.83320192281   -0.10041439135  0.00261122691   
0.83322080133   -0.10048635003  0.00262555926   
0.83324322507   -0.10055782671  0.00263986080   
0.83326916131   -0.10062879707  0.00265412641   
0.83329857433   -0.10069924185  0.00266835188   
0.83333141584   -0.10076912498  0.00268252952   
0.83336764473   -0.10083843778  0.00269665707   
0.83340721681   -0.10090717011  0.00271073193   
0.83345007696   -0.10097529895  0.00272474883   
0.83349617598   -0.10104281720  0.00273870567   
0.83354546636   -0.10110972250  0.00275260128   
0.83359789927   -0.10117601211  0.00276643443   
0.83365340915   -0.10124166533  0.00278020006   
0.83371195218   -0.10130669032  0.00279389913   
0.83377347953   -0.10137108887  0.00280753124   
0.83383793594   -0.10143485669  0.00282109472   
0.83390527948   -0.10149800309  0.00283459077   
0.83397546244   -0.10156053098  0.00284801921   
0.83404844383   -0.10162244879  0.00286138109   
0.83412417256   -0.10168375588  0.00287467549   
0.83420262065   -0.10174446964  0.00288790541   
0.83428373549   -0.10180458715  0.00290106946   
0.83436749336   -0.10186412643  0.00291417084   
0.83445387049   -0.10192310308  0.00292721226   
0.83454281696   -0.10198151384  0.00294019231   
0.83463430604   -0.10203937068  0.00295311295   
0.83472832467   -0.10209669239  0.00296597771   
0.83482486262   -0.10215349709  0.00297879004   
0.83492389359   -0.10220979183  0.00299155094   
0.83502539401   -0.10226558445  0.00300426163   
0.83512934739   -0.10232088576  0.00301692402   
0.83523576175   -0.10237571789  0.00302954266   
0.83534461854   -0.10243008743  0.00304211863   
0.83545591144   -0.10248400626  0.00305465421   
0.83556964804   -0.10253749146  0.00306715298   
0.83568582445   -0.10259055321  0.00307961697   
0.83580446690   -0.10264321384  0.00309205112   
0.83592556028   -0.10269547579  0.00310445573   
0.83604914312   -0.10274736357  0.00311683640   
0.83617523431   -0.10279889123  0.00312919633   
0.83630386685   -0.10285007700  0.00314153980   
0.83643503942   -0.10290092413  0.00315386754   
0.83656881048   -0.10295145785  0.00316618567   
0.83670522347   -0.10300169543  0.00317849847   
0.83684432204   -0.10305165247  0.00319080993   
0.83698619757   -0.10310135950  0.00320312784   
0.83713090379   -0.10315083134  0.00321545621   
0.83727850796   -0.10320008568  0.00322779988   
0.83742913801   -0.10324915792  0.00324016831   
0.83758288125   -0.10329806715  0.00325256699   
0.83773988429   -0.10334684862  0.00326500571   
0.83790029548   -0.10339553451  0.00327749370   
0.83806429334   -0.10344416247  0.00329004183   
0.83823210175   -0.10349277921  0.00330266362   
0.83840397884   -0.10354143614  0.00331537416   
0.83858025954   -0.10359020024  0.00332819307   
0.83876133513   -0.10363914654  0.00334114262   
0.83894769904   -0.10368836870  0.00335425069   
0.83914011218   -0.10373801857  0.00336756161   
0.83933937799   -0.10378824264  0.00338111958   
0.83954686374   -0.10383930820  0.00339500311   
0.83976448129   -0.10389158274  0.00340932076   
0.83999549666   -0.10394570576  0.00342426011   
0.84024628040   -0.10400294231  0.00344019029   
0.84053452817   -0.10406687983  0.00345815022   
0.84081376719   -0.10412703411  0.00347521142   
0.84106353923   -0.10417942923  0.00349020573   
0.84132230411   -0.10423237300  0.00350548757   
0.84156340294   -0.10428053149  0.00351950553   
0.84179365044   -0.10432551248  0.00353270247   
0.84201620391   -0.10436808896  0.00354528892   
0.84223296127   -0.10440873593  0.00355739340   
0.84244506899   -0.10444775417  0.00356909620   
0.84265333201   -0.10448536089  0.00358045481   
0.84285835593   -0.10452172274  0.00359151312   
0.84306061299   -0.10455697188  0.00360230578   
0.84326042177   -0.10459120565  0.00361285770   
0.84345807437   -0.10462451077  0.00362319126   
0.84365377476   -0.10465695415  0.00363332329   
0.84384773689   -0.10468860032  0.00364327038   
0.84404012120   -0.10471950155  0.00365304569   
0.84423103134   -0.10474969828  0.00366265901   
0.84442056494   -0.10477922782  0.00367211938   
0.84460888935   -0.10480813616  0.00368143894   
0.84479604099   -0.10483644719  0.00369062295   
0.84498210798   -0.10486419128  0.00369967896   
0.84516715295   -0.10489139361  0.00370861303   
0.84535123548   -0.10491807770  0.00371743082   
0.84553443280   -0.10494426850  0.00372613864   
0.84571674150   -0.10496997846  0.00373473877   
0.84589822214   -0.10499522840  0.00374323640   
0.84607894658   -0.10502003976  0.00375163705   
0.84625889310   -0.10504442040  0.00375994177   
0.84643812359   -0.10506838904  0.00376815536   
0.84661666448   -0.10509195895  0.00377628088   
0.84679454028   -0.10511514261  0.00378432119   
0.84697179990   -0.10513795514  0.00379228015   
0.84714843430   -0.10516040370  0.00380015894   
0.84732445307   -0.10518249757  0.00380795949   
0.84749992003   -0.10520425236  0.00381568608   
0.84767479636   -0.10522567057  0.00382333838   
0.84784913128   -0.10524676526  0.00383091987   
0.84802293762   -0.10526754468  0.00383843236   
0.84819619978   -0.10528801342  0.00384587640   
0.84836896341   -0.10530818309  0.00385325513   
0.84854126154   -0.10532806341  0.00386057107   
0.84871305471   -0.10534765552  0.00386782360   
0.84888436859   -0.10536696791  0.00387501486   
0.84905524012   -0.10538601001  0.00388214740   
0.84922564943   -0.10540478470  0.00388922133   
0.84939560758   -0.10542329814  0.00389623806   
0.84956513848   -0.10544155771  0.00390319947   
0.84973420163   -0.10545956369  0.00391010477   
0.84990285001   -0.10547732622  0.00391695696   
0.85007107266   -0.10549484848  0.00392375642   
0.85023890629   -0.10551213841  0.00393050540   
0.85040631713   -0.10552919659  0.00393720331   
0.85057334950   -0.10554603145  0.00394385265   
0.85073996887   -0.10556264329  0.00395045277   
0.85090621416   -0.10557903970  0.00395700589   
0.85107205193   -0.10559522097  0.00396351138   
0.85123751111   -0.10561119343  0.00396997103   
0.85140261485   -0.10562696266  0.00397638636   
0.85156732661   -0.10564252845  0.00398275657   
0.85173167601   -0.10565789683  0.00398908341   
0.85189563444   -0.10567306825  0.00399536636   
0.85205923004   -0.10568804838  0.00400160708   
0.85222247548   -0.10570284132  0.00400780660   
0.85238536023   -0.10571744898  0.00401396506   
0.85254788396   -0.10573187414  0.00402008296   
0.85271004456   -0.10574611938  0.00402616075   
0.85287186301   -0.10576018920  0.00403219970   
0.85303331628   -0.10577408421  0.00403819945   
0.85319442582   -0.10578780882  0.00404416126   
0.85335518915   -0.10580136530  0.00405008552   
0.85351561593   -0.10581475688  0.00405597302   
0.85367570142   -0.10582798551  0.00406182403   
0.85383543910   -0.10584105299  0.00406763875   
0.85399484271   -0.10585396270  0.00407341809   
0.85415389935   -0.10586671582  0.00407916201   
0.85431261760   -0.10587931521  0.00408487121   
0.85447102085   -0.10589176484  0.00409054692   
0.85462908907   -0.10590406516  0.00409618882   
0.85478680115   -0.10591621660  0.00410179653   
0.85494420743   -0.10592822503  0.00410737220   
0.85510126645   -0.10594008921  0.00411291472   
0.85525799761   -0.10595181253  0.00411842515   
0.85541440963   -0.10596339750  0.00412390412   
0.85557048850   -0.10597484491  0.00412935148   
0.85572624239   -0.10598615715  0.00413476786   
0.85588167828   -0.10599733648  0.00414015382   
0.85603678201   -0.10600838360  0.00414550918   
0.85619154944   -0.10601929993  0.00415083411   
0.85634600735   -0.10603008901  0.00415612986   
0.85650013353   -0.10604075091  0.00416139594   
0.85665394727   -0.10605128856  0.00416663333   
0.85680742466   -0.10606170190  0.00417184148   
0.85696059234   -0.10607199427  0.00417702159   
0.85711343149   -0.10608216592  0.00418217330   
0.85726593859   -0.10609221811  0.00418729677   
0.85741813494   -0.10610215370  0.00419239299   
0.85757000963   -0.10611197342  0.00419746183   
0.85772157018   -0.10612167914  0.00420250383   
0.85787279003   -0.10613127056  0.00420751835   
0.85802370597   -0.10614075139  0.00421250685   
0.85817431095   -0.10615012249  0.00421746935   
0.85832458116   -0.10615938370  0.00422240531   
0.85847454018   -0.10616853778  0.00422731573   
0.85862418377   -0.10617758572  0.00423220072   
0.85877351827   -0.10618652916  0.00423706070   
0.85892252877   -0.10619536842  0.00424189541   
0.85907122166   -0.10620410511  0.00424670528   
0.85921958413   -0.10621273966  0.00425149011   
0.85936763315   -0.10622127424  0.00425625068   
0.85951536390   -0.10622970973  0.00426098703   
0.85966277931   -0.10623804743  0.00426569946   
0.85980987435   -0.10624628817  0.00427038802   
0.85995664986   -0.10625443310  0.00427505294   
0.86010311324   -0.10626248372  0.00427969464   
0.86024925233   -0.10627044042  0.00428431293   
0.86039507396   -0.10627830464  0.00428890823   
0.86054057815   -0.10628607741  0.00429348072   
0.86068575539   -0.10629375925  0.00429803029   
0.86083058128   -0.10630134991  0.00430255636   
0.86097512650   -0.10630885408  0.00430706132   
0.86111933835   -0.10631626998  0.00431154371   
0.86126324218   -0.10632359990  0.00431600448   
0.86140682196   -0.10633084395  0.00432044330   
0.86155006860   -0.10633800263  0.00432486008   
0.86169301612   -0.10634507856  0.00432925602   
0.86183563262   -0.10635207107  0.00433363031   
0.86197793273   -0.10635898178  0.00433798356   
0.86211991627   -0.10636581157  0.00434231593   
0.86226156462   -0.10637256041  0.00434662699   
0.86240289478   -0.10637923000  0.00435091744   
0.86254392386   -0.10638582198  0.00435518793   
0.86268462908   -0.10639233611  0.00435943793   
0.86282501189   -0.10639877329  0.00436366763   
0.86296506477   -0.10640513401  0.00436787695   
0.86310480139   -0.10641141969  0.00437206645   
0.86324420552   -0.10641763041  0.00437623579   
0.86338329718   -0.10642376785  0.00438038570   
0.86352206525   -0.10642983229  0.00438451599   
0.86366051756   -0.10643582483  0.00438862704   
0.86379862906   -0.10644174517  0.00439271823   
0.86393643452   -0.10644759553  0.00439679073   
0.86407388540   -0.10645337460  0.00440084324   
0.86421103814   -0.10645908550  0.00440487754   
0.86434786540   -0.10646472779  0.00440889298   
0.86448436063   -0.10647030193  0.00441288947   
0.86462052984   -0.10647580885  0.00441686733   
0.86475637245   -0.10648124925  0.00442082665   
0.86489190239   -0.10648662436  0.00442476797   
0.86502708427   -0.10649193346  0.00442869038   
0.86516195125   -0.10649717853  0.00443259496   
0.86529646636   -0.10650235881  0.00443648076   
0.86543067333   -0.10650747664  0.00444034917   
0.86556456721   -0.10651253246  0.00444420014   
0.86569810877   -0.10651752544  0.00444803266   
0.86583130687   -0.10652245656  0.00445184711   
0.86596418552   -0.10652732735  0.00445564429   
0.86609675301   -0.10653213872  0.00445942454   
0.86622897175   -0.10653688991  0.00446318688   
0.86636086094   -0.10654158224  0.00446693199   
0.86649240879   -0.10654621588  0.00447065963   
0.86662364841   -0.10655079260  0.00447437085   
0.86675455864   -0.10655531222  0.00447806514   
0.86688512497   -0.10655977484  0.00448174220   
0.86701535897   -0.10656418143  0.00448540245   
0.86714525043   -0.10656853222  0.00448904572   
0.86727481365   -0.10657282825  0.00449267250   
0.86740405151   -0.10657707016  0.00449628296   
0.86753294223   -0.10658125781  0.00449987661   
0.86766151979   -0.10658539283  0.00450345447   
0.86778974239   -0.10658947441  0.00450701547   
0.86791765786   -0.10659350461  0.00451056105   
0.86804521345   -0.10659748230  0.00451408983   
0.86817244888   -0.10660140924  0.00451760300   
0.86829934248   -0.10660528527  0.00452110005   
0.86842587315   -0.10660911027  0.00452458050   
0.86855208365   -0.10661288606  0.00452804560   
0.86867795255   -0.10661661247  0.00453149485   
0.86880348520   -0.10662029018  0.00453492850   
0.86892867622   -0.10662391952  0.00453834646   
0.86905355769   -0.10662750188  0.00454174972   
0.86917807503   -0.10663103619  0.00454513685   
0.86930223470   -0.10663452313  0.00454850812   
0.86942606966   -0.10663796409  0.00455186452   
0.86954955531   -0.10664135886  0.00455520544   
0.86967271386   -0.10664470850  0.00455853158   
0.86979552169   -0.10664801284  0.00456184237   
0.86991797642   -0.10665127227  0.00456513783   
0.87004010380   -0.10665448793  0.00456841873   
0.87016187275   -0.10665765944  0.00457168432   
0.87028330645   -0.10666078786  0.00457493528   
0.87040438900   -0.10666387321  0.00457817127   
0.87052513685   -0.10666691634  0.00458139281   
0.87064554188   -0.10666991748  0.00458459975   
0.87076559567   -0.10667287684  0.00458779193   
0.87088529680   -0.10667579481  0.00459096940   
0.87100464197   -0.10667867174  0.00459413214   
0.87112365560   -0.10668150863  0.00459728087   
0.87124234239   -0.10668430599  0.00460041577   
0.87136066379   -0.10668706332  0.00460353591   
0.87147862920   -0.10668978124  0.00460664159   
0.87159624237   -0.10669246024  0.00460973299   
0.87171350810   -0.10669510085  0.00461281030   
0.87183041926   -0.10669770327  0.00461587340   
0.87194696830   -0.10670026776  0.00461892216   
0.87206317807   -0.10670279518  0.00462195725   
0.87217904347   -0.10670528582  0.00462497858   
0.87229454747   -0.10670773967  0.00462798579   
0.87240971420   -0.10671015763  0.00463097957   
0.87252451469   -0.10671253946  0.00463395922   
0.87263894373   -0.10671488543  0.00463692467   
0.87275304582   -0.10671719683  0.00463987715   
0.87286678210   -0.10671947321  0.00464281569   
0.87298018435   -0.10672171557  0.00464574120   
0.87309321873   -0.10672392360  0.00464865284   
0.87320588927   -0.10672609774  0.00465155079   
0.87331820120   -0.10672823844  0.00465443525   
0.87343014766   -0.10673034591  0.00465730608   
0.87354173134   -0.10673242057  0.00466016343   
0.87365297793   -0.10673446323  0.00466300801   
0.87376388860   -0.10673647423  0.00466583989   
0.87387441877   -0.10673845310  0.00466865801   
0.87398457540   -0.10674040031  0.00467146258   
0.87409439743   -0.10674231688  0.00467425467   
0.87420382962   -0.10674420217  0.00467703292   
0.87431292362   -0.10674605739  0.00467979870   
0.87442165959   -0.10674788253  0.00468255156   
0.87453002159   -0.10674967765  0.00468529114   
0.87463803651   -0.10675144349  0.00468801818   
0.87474568776   -0.10675318011  0.00469073231   
0.87485295561   -0.10675488750  0.00469343310   
0.87495988671   -0.10675656672  0.00469612176   
0.87506646089   -0.10675821774  0.00469879783   
0.87517265417   -0.10675984049  0.00470146077   
0.87527847003   -0.10676143535  0.00470411072   
0.87538394020   -0.10676300309  0.00470674851   
0.87548903710   -0.10676454359  0.00470937351   
0.87559376708   -0.10676605725  0.00471198593   
0.87569813238   -0.10676754438  0.00471458587   
0.87580211107   -0.10676900498  0.00471717283   
0.87590574481   -0.10677043991  0.00471974789   
0.87600902721   -0.10677184936  0.00472231095   
0.87611193194   -0.10677323325  0.00472486139   
0.87621445757   -0.10677459184  0.00472739924   
0.87631662462   -0.10677592570  0.00472992503   
0.87641840891   -0.10677723478  0.00473243823   
0.87651981643   -0.10677851943  0.00473493901   
0.87662087647   -0.10677978031  0.00473742816   
0.87672156201   -0.10678101733  0.00473990505   
0.87682187825   -0.10678223082  0.00474236984   
0.87692180829   -0.10678342086  0.00474482218   
0.87702138174   -0.10678458805  0.00474726283   
0.87712058502   -0.10678573250  0.00474969149   
0.87721941377   -0.10678685442  0.00475210811   
0.87731788058   -0.10678795420  0.00475451303   
0.87741598455   -0.10678903208  0.00475690627   
0.87751369757   -0.10679008802  0.00475928719   
0.87761104448   -0.10679112252  0.00476165644   
0.87770800713   -0.10679213565  0.00476401361   
0.87780461018   -0.10679312792  0.00476635935   
0.87790082455   -0.10679409926  0.00476869298   
0.87799668389   -0.10679505027  0.00477101537   
0.87809214205   -0.10679598072  0.00477332543   
0.87818723855   -0.10679689125  0.00477562416   
0.87828194722   -0.10679778184  0.00477791097   
0.87837628133   -0.10679865285  0.00478018622   
0.87847023057   -0.10679950443  0.00478244969   
0.87856380982   -0.10680033694  0.00478470178   
0.87865700685   -0.10680115051  0.00478694224   
0.87874984475   -0.10680194555  0.00478917165   
0.87875911373   -0.10680202409  0.00478939411   
0.87876374617   -0.10680206328  0.00478950528   
0.87878688795   -0.10680225851  0.00479006054   
0.87878784722   -0.10680226658  0.00479008355   
0.87878785201   -0.10680226662  0.00479008367   
0.87878787599   -0.10680226682  0.00479008424   
0.87878787719   -0.10680226683  0.00479008427   
0.87878787779   -0.10680226684  0.00479008429   
0.87878787809   -0.10680226684  0.00479008429   
0.87878787824   -0.10680226684  0.00479008430   
0.87878787832   -0.10680226684  0.00479008430   
0.87878787869   -0.10680226684  0.00479008431   
0.87878787872   -0.10680226684  0.00479008431   
0.87878787873   -0.10680226684  0.00479008431   
0.87878787875   -0.10680226684  0.00479008431   
0.87878787876   -0.10680226684  0.00479008431   
0.87878787877   -0.10680226684  0.00479008431   
0.87878787878   -0.10680226684  0.00479008431   
0.87878787878   -0.10680226684  0.00479008431   
0.87878787879   -0.10680226684  0.00479008431   
0.87878787879   -0.10680226684  0.00479008431   
0.87878787879   -0.10680226684  0.00479008431   
0.87878787879   -0.10680226684  0.00479008431   
0.87878787879   -0.10680226684  0.00479008431   
0.87878787879   -0.10680226684  0.00479008431   
0.87878787879   -0.10680226684  0.00479008431   
0.87878787880   -0.10680226684  0.00479008431   
0.87878787883   -0.10680226684  0.00479008431   
0.87878787900   -0.10680226685  0.00479008432   
0.87878787983   -0.10680226685  0.00479008434   
0.87878788397   -0.10680226689  0.00479008444   
0.87878790471   -0.10680226706  0.00479008493   
0.87878800841   -0.10680226793  0.00479008742   
0.87878852689   -0.10680227230  0.00479009986   
0.87879111908   -0.10680229410  0.00479016205   
0.87880407437   -0.10680240290  0.00479047282   
0.87886871011   -0.10680294163  0.00479202268   
0.87897348236   -0.10680380052  0.00479453275   
0.87907772237   -0.10680463744  0.00479702737   
0.87918153092   -0.10680545347  0.00479950899   
0.87928490897   -0.10680624889  0.00480197767   
0.87938786598   -0.10680702402  0.00480443369   
0.87949038471   -0.10680777898  0.00480687668   
0.87959248540   -0.10680851419  0.00480930714   
0.87969415442   -0.10680922978  0.00481172481   
0.87979539377   -0.10680992603  0.00481412977   
0.87989619212   -0.10681060309  0.00481652178   
0.87999654558   -0.10681126120  0.00481890079   
0.88009647547   -0.10681190074  0.00482126736   
0.88019598979   -0.10681252199  0.00482362169   
0.88029505850   -0.10681312502  0.00482596313   
0.88039369112   -0.10681371010  0.00482829193   
0.88049191170   -0.10681427763  0.00483060870   
0.88058968318   -0.10681482761  0.00483291261   
0.88068703069   -0.10681536043  0.00483520427   
0.88078395422   -0.10681587630  0.00483748372   
0.88088044759   -0.10681637543  0.00483975086   
0.88097647854   -0.10681685787  0.00484200496   
0.88107210143   -0.10681732413  0.00484424734   
0.88116728656   -0.10681777427  0.00484647733   
0.88126204967   -0.10681820859  0.00484869533   
0.88135636802   -0.10681862721  0.00485090085   
0.88145024117   -0.10681903034  0.00485309391   
0.88154368636   -0.10681941828  0.00485527494   
0.88163669865   -0.10681979121  0.00485744388   
0.88172928004   -0.10682014937  0.00485960078   
0.88182143683   -0.10682049297  0.00486174584   
0.88191314891   -0.10682082215  0.00486387862   
0.88200442258   -0.10682113715  0.00486599930   
0.88209527234   -0.10682143822  0.00486810824   
0.88218567809   -0.10682172549  0.00487020501   
0.88227564588   -0.10682199919  0.00487228979   
0.88236518993   -0.10682225956  0.00487436293   
0.88245428625   -0.10682250674  0.00487642391   
0.88254296718   -0.10682274100  0.00487847350   
0.88263122434   -0.10682296251  0.00488051155   
0.88271902685   -0.10682317140  0.00488253736   
0.88280639429   -0.10682336790  0.00488455143   
0.88289334270   -0.10682355223  0.00488655415   
0.88297984454   -0.10682372454  0.00488854492   
0.88306591927   -0.10682388504  0.00489052420   
0.88315156769   -0.10682403393  0.00489249206   
0.88323677750   -0.10682417135  0.00489444823   
0.88332152575   -0.10682429747  0.00489639221   
0.88340584884   -0.10682441252  0.00489832488   
0.88348974252   -0.10682451667  0.00490024616   
0.88357321804   -0.10682461012  0.00490215633   
0.88365627086   -0.10682469303  0.00490405532   
0.88373886454   -0.10682476554  0.00490594232   
0.88382102606   -0.10682482785  0.00490781797   
0.88390278133   -0.10682488015  0.00490968289   
0.88398408893   -0.10682492258  0.00491153617   
0.88406497492   -0.10682495533  0.00491337842   
0.88414542488   -0.10682497855  0.00491520934   
0.88422543961   -0.10682499242  0.00491702898   
0.88430504131   -0.10682499709  0.00491883785   
0.88438420464   -0.10682499273  0.00492063542   
0.88446292549   -0.10682497951  0.00492242161   
0.88454123807   -0.10682495757  0.00492419723   
0.88461909704   -0.10682492710  0.00492596127   
0.88469653161   -0.10682488823  0.00492771441   
0.88477354729   -0.10682484111  0.00492945681   
0.88485012547   -0.10682478593  0.00493118807   
0.88492626550   -0.10682472282  0.00493290819   
0.88500199366   -0.10682465192  0.00493461780   
0.88507728825   -0.10682457340  0.00493631642   
0.88515217034   -0.10682448738  0.00493800455   
0.88522662263   -0.10682439403  0.00493968183   
0.88530064593   -0.10682429349  0.00494134830   
0.88537422705   -0.10682418594  0.00494300367   
0.88544742297   -0.10682407142  0.00494464927   
0.88552016913   -0.10682395018  0.00494628364   
0.88559249726   -0.10682382232  0.00494790754   
0.88566441524   -0.10682368794  0.00494952115   
0.88573588279   -0.10682354727  0.00495112359   
0.88580693577   -0.10682340037  0.00495271570   
0.88587757570   -0.10682324738  0.00495429752   
0.88594778925   -0.10682308846  0.00495586877   
0.88601757838   -0.10682292373  0.00495742952   
0.88608694660   -0.10682275333  0.00495897987   
0.88615591249   -0.10682257733  0.00496052025   
0.88622444253   -0.10682239594  0.00496204993   
0.88629256820   -0.10682220922  0.00496356964   
0.88636027775   -0.10682201732  0.00496507913   
0.88642755065   -0.10682182043  0.00496657796   
0.88649442338   -0.10682161855  0.00496806697   
0.88656088226   -0.10682141186  0.00496954586   
0.88662692695   -0.10682120048  0.00497101465   
0.88669257951   -0.10682098445  0.00497247385   
0.88675778734   -0.10682076407  0.00497392230   
0.88682261800   -0.10682053922  0.00497536153   
0.88688702219   -0.10682031019  0.00497679046   
0.88695102275   -0.10682007702  0.00497820960   
0.88701462201   -0.10681983981  0.00497961903   
0.88707779744   -0.10681959875  0.00498101827   
0.88714055611   -0.10681935394  0.00498240749   
0.88720291224   -0.10681910543  0.00498378703   
0.88726486516   -0.10681885332  0.00498515687   
0.88732641305   -0.10681859775  0.00498651701   
0.88738757077   -0.10681833874  0.00498786778   
0.88744833273   -0.10681807643  0.00498920907   
0.88750868046   -0.10681781101  0.00499054050   
0.88756864058   -0.10681754245  0.00499186266   
0.88762819542   -0.10681727093  0.00499317519   
0.88768733535   -0.10681699662  0.00499447788   
0.88774608492   -0.10681671948  0.00499577129   
0.88780444811   -0.10681643961  0.00499705552   
0.88786240718   -0.10681615718  0.00499833020   
0.88791998147   -0.10681587220  0.00499959577   
0.88797715642   -0.10681558483  0.00500085191   
0.88803394628   -0.10681529510  0.00500209897   
0.88809033978   -0.10681500315  0.00500333670   
0.88814635087   -0.10681470901  0.00500456542   
0.88820197325   -0.10681441280  0.00500578501   
0.88825718903   -0.10681411471  0.00500699509   
0.88831203202   -0.10681381464  0.00500819642   
0.88836649597   -0.10681351272  0.00500938887   
0.88842057535   -0.10681320906  0.00501057233   
0.88847426581   -0.10681290377  0.00501174672   
0.88852757678   -0.10681259689  0.00501291226   
0.88858051192   -0.10681228847  0.00501406904   
0.88863305743   -0.10681197869  0.00501521678   
0.88868522636   -0.10681166755  0.00501635576   
0.88873701364   -0.10681135515  0.00501748589   
0.88878842133   -0.10681104158  0.00501860724   
0.88883947463   -0.10681072674  0.00501972035   
0.88889014445   -0.10681041090  0.00502082461   
0.88894045486   -0.10681009399  0.00502192055   
0.88899040076   -0.10680977611  0.00502300807   
0.88903996325   -0.10680945746  0.00502408678   
0.88908917305   -0.10680913791  0.00502515734   
0.88913800727   -0.10680881770  0.00502621928   
0.88918647776   -0.10680849680  0.00502727287   
0.88923458497   -0.10680817529  0.00502831811   
0.88928233679   -0.10680785320  0.00502935520   
0.88932970678   -0.10680753076  0.00503038358   
0.88937673844   -0.10680720775  0.00503140418   
0.88942340750   -0.10680688440  0.00503241651   
0.88946970613   -0.10680656084  0.00503342040   
0.88951565373   -0.10680623700  0.00503441627   
0.88956125938   -0.10680591288  0.00503540435   
0.88960650464   -0.10680558867  0.00503638422   
0.88965140320   -0.10680526435  0.00503735621   
0.88969595505   -0.10680493996  0.00503832032   
0.88974015444   -0.10680461562  0.00503927644   
0.88978400292   -0.10680429138  0.00504022460   
0.88982752243   -0.10680396713  0.00504116529   
0.88987069473   -0.10680364307  0.00504209813   
0.88991352217   -0.10680331924  0.00504302318   
0.88995601571   -0.10680299562  0.00504394067   
0.88999816421   -0.10680267234  0.00504485039   
0.89003997540   -0.10680234941  0.00504575249   
0.89008144695   -0.10680202690  0.00504664695   
0.89012258864   -0.10680170478  0.00504753398   
0.89016338706   -0.10680138323  0.00504841330   
0.89020387057   -0.10680106206  0.00504928552   
0.89024401985   -0.10680074148  0.00505015025   
0.89028384047   -0.10680042150  0.00505100760   
0.89032334010   -0.10680010211  0.00505185775   
0.89036251065   -0.10679978342  0.00505270053   
0.89040137140   -0.10679946534  0.00505353637   
0.89043989059   -0.10679914816  0.00505436459   
0.89047810459   -0.10679883163  0.00505518598   
0.89051598663   -0.10679851603  0.00505599996   
0.89055354890   -0.10679820130  0.00505680682   
0.89059081021   -0.10679788734  0.00505760695   
0.89062774970   -0.10679757435  0.00505839993   
0.89066438016   -0.10679726228  0.00505918602   
0.89070069874   -0.10679695119  0.00505996517   
0.89073670778   -0.10679664112  0.00506073745   
0.89077241102   -0.10679633207  0.00506150294   
0.89080781444   -0.10679602402  0.00506226176   
0.89084290282   -0.10679571717  0.00506301361   
0.89087769053   -0.10679541141  0.00506375880   
0.89091218115   -0.10679510677  0.00506449740   
0.89094637347   -0.10679480328  0.00506522940   
0.89098027290   -0.10679450095  0.00506595492   
0.89101386089   -0.10679419997  0.00506667357   
0.89104716262   -0.10679390016  0.00506738590   
0.89108016729   -0.10679360166  0.00506809167   
0.89111289497   -0.10679330431  0.00506879132   
0.89114533077   -0.10679300830  0.00506948454   
0.89117746859   -0.10679271371  0.00507017120   
0.89120933334   -0.10679242035  0.00507085185   
0.89124090990   -0.10679212839  0.00507152616   
0.89127218840   -0.10679183795  0.00507219392   
0.89130320548   -0.10679154875  0.00507285594   
0.89133393012   -0.10679126108  0.00507351153   
0.89136438650   -0.10679097477  0.00507416124   
0.89139455703   -0.10679069001  0.00507480468   
0.89142445421   -0.10679040670  0.00507544214   
0.89145407934   -0.10679012488  0.00507607363   
0.89148343559   -0.10678984455  0.00507669924   
0.89151251386   -0.10678956581  0.00507731877   
0.89154132410   -0.10678928860  0.00507793243   
0.89156987528   -0.10678901288  0.00507854044   
0.89159816173   -0.10678873871  0.00507914266   
0.89162619087   -0.10678846605  0.00507973927   
0.89165394853   -0.10678819508  0.00508032995   
0.89168144072   -0.10678792576  0.00508091485   
0.89170869012   -0.10678765790  0.00508149446   
0.89173567150   -0.10678739176  0.00508206823   
0.89176240236   -0.10678712721  0.00508263654   
0.89178888159   -0.10678686428  0.00508319938   
0.89181510888   -0.10678660299  0.00508375674   
0.89184108271   -0.10678634340  0.00508430860   
0.89186680092   -0.10678608554  0.00508485490   
0.89189228566   -0.10678582921  0.00508539613   
0.89191751221   -0.10678557470  0.00508593176   
0.89194250132   -0.10678532180  0.00508646224   
0.89196724365   -0.10678507065  0.00508698738   
0.89199175549   -0.10678482109  0.00508750751   
0.89201602248   -0.10678457329  0.00508802234   
0.89204004850   -0.10678432725  0.00508853195   
0.89206384529   -0.10678408285  0.00508903661   
0.89208740073   -0.10678384024  0.00508953604   
0.89211073345   -0.10678359926  0.00509003066   
0.89213382879   -0.10678336007  0.00509052015   